35.34234 3.59729
35.34403 3.59948
35.34418 3.60305
35.34313 3.60645
35.3412 3.60932
35.33816 3.61052
35.33511 3.61102
35.3319 3.61167
35.32848 3.61252
35.32495 3.61263
35.32167 3.61159
35.31835 3.61233
35.31548 3.61128
35.31366 3.60836
35.31166 3.60546
35.31011 3.6025
35.30842 3.59992
35.30598 3.59742
35.30596 3.59399
35.30615 3.59048
35.30578 3.58704
35.30779 3.58545
35.31122 3.58619
35.31359 3.58868
35.31558 3.59166
35.31763 3.59388
35.32052 3.59545
35.32382 3.59678
35.32703 3.59813
35.3305 3.59801
35.33378 3.59673
35.33709 3.59602
35.33986 3.59636
35.34299 3.5977
