35.35688 3.58316
35.35589 3.58036
35.35542 3.57694
35.35471 3.57416
35.35372 3.57125
35.35276 3.56796
35.35283 3.56485
35.3549 3.56303
35.35734 3.56164
35.35894 3.56204
35.35827 3.56362
35.3575 3.56502
35.35908 3.56674
35.36166 3.56644
35.36402 3.56481
35.36635 3.56317
35.36893 3.56207
35.37181 3.56135
35.37379 3.56048
35.37601 3.56152
35.37622 3.55793
35.37727 3.5543
35.37938 3.55099
35.38143 3.5476
35.38426 3.54484
35.38723 3.54231
35.39021 3.54
35.39239 3.54309
35.39273 3.54698
35.3925 3.55094
35.39202 3.55475
35.39113 3.55866
35.39006 3.56225
35.38906 3.56596
35.38756 3.56941
35.38569 3.57247
35.38383 3.57556
35.38198 3.57843
35.37981 3.58119
35.37878 3.58457
35.37667 3.58738
35.37383 3.58714
35.37079 3.58755
35.36955 3.59044
35.36869 3.5938
35.36559 3.59443
35.36404 3.59159
35.3631 3.58867
35.3621 3.58642
35.35997 3.58446
35.35934 3.58383
35.35752 3.58278
35.35653 3.582
