31.6898860931 4.8853578568 11.71924 188.9911
31.691242218 4.8868370056 11.75929 188.9911
31.6929473877 4.888628006 11.79934 188.9911
31.6916217804 4.8877325058 11.83948 188.9911
31.6906661987 4.8892836571 11.87958 188.9911
31.6937007904 4.8932619095 11.91967 188.9911
31.6966075897 4.8973317146 11.95971 188.9911
31.6941604614 4.8961486816 11.99974 190.0483
31.6912746429 4.892332077 12.03978 198.617
31.6874580383 4.8914346695 12.07979 199.4659
31.6842079163 4.8878746033 12.11985 199.5339
31.6867218018 4.8857645988 12.15993 199.539
31.690120697 4.8875379562 12.19995 199.5394
31.6905078888 4.8879327774 12.23128 199.5394
