31.6925449371 4.889605999 12.3152 199.5394
31.6958751678 4.8917598724 12.3553 199.5394
31.6991138458 4.8948225975 12.39534 199.5394
31.7021141052 4.89812994 12.43536 199.5394
31.7048187256 4.9016904831 12.47536 199.5394
31.707365036 4.9047827721 12.51537 199.5394
31.7098999023 4.9084610939 12.55542 190.5115
31.7125549316 4.9119420052 12.59549 187.5918
31.7147979736 4.915186882 12.63554 187.3644
31.7169685364 4.9186930656 12.67558 187.3441
31.7180099487 4.922337532 12.71569 187.3424
31.7192363739 4.9262094498 12.75578 187.3423
31.7209854126 4.9300398827 12.79581 187.3423
31.7229442596 4.9339442253 12.83584 180.2413
31.7249584198 4.9376950264 12.87598 177.201
31.7262706757 4.9419827461 12.91602 176.9388
31.7269821167 4.9461445808 12.9561 176.9203
31.7272701263 4.9502243996 12.99618 176.9186
31.727191925 4.9546198845 13.03629 176.9185
31.7272186279 4.9589323997 13.07637 176.9185
31.727104187 4.9632630348 13.11647 176.9185
31.7265415192 4.9672231674 13.15652 176.9185
31.7260456085 4.971095562 13.19654 176.9185
31.7236042023 4.9745483398 13.23666 179.0792
31.7196102142 4.9730548859 13.2768 184.6812
31.7183303833 4.9692978859 13.31682 185.2145
31.7181663513 4.9652051926 13.35686 185.2546
31.7178611755 4.9608316422 13.3969 185.2575
31.717048645 4.9566555023 13.43705 185.2578
31.7160377502 4.9525074959 13.47715 185.2578
31.7138156891 4.949051857 13.51715 185.2578
31.712972641 4.9451270103 13.55725 194.9158
31.7117366791 4.9421291351 13.59725 196.4617
31.7099208832 4.9386754036 13.63737 196.5702
31.7084789276 4.9352579117 13.67738 196.5789
31.7069625854 4.93151474 13.71739 196.5797
31.7046489716 4.9283938408 13.75742 192.4526
31.7015895844 4.9259257317 13.79752 191.3354
31.6992740631 4.9225826263 13.83766 191.2482
31.6972637177 4.9188218117 13.87774 191.2412
31.6950759888 4.9152317047 13.91786 191.2407
31.6923828125 4.9116978645 13.95799 191.2406
31.6898021698 4.9085855484 13.99815 191.2406
31.6889019012 4.9050970078 14.03817 191.2406
31.6879825592 4.902818203 14.07822 191.2406
31.685464859 4.8996210098 14.11838 191.2406
31.6829242706 4.8960585594 14.15838 191.2406
31.6810455322 4.8923802376 14.19851 196.8852
31.6793498993 4.8882732391 14.23859 197.3813
31.6786632538 4.8841700554 14.27868 197.4173
31.6764450073 4.8811383247 14.31876 197.4211
31.672039032 4.8808970451 14.35881 197.4213
31.668598175 4.8787827492 14.39884 197.4213
31.6660823822 4.8752660751 14.43885 197.4213
31.6635417938 4.8716678619 14.47899 197.3254
31.6636219025 4.8684124947 14.51901 187.5435
31.667219162 4.8709511757 14.55909 186.8558
31.6712779999 4.872490406 14.59913 186.8005
31.6756706238 4.8728981018 14.6392 186.7964
31.6797637939 4.8743004799 14.67923 186.796
31.6830615997 4.8771858215 14.71922 186.796
31.6852149963 4.8808970451 14.75925 186.796
31.6871032715 4.8829369545 14.79935 186.796
31.6896953583 4.8856263161 14.83938 186.796
31.6896839142 4.8856339455 14.86085 186.796
