31.5423927307 4.285946846 11.56028 121.1196
31.5413513184 4.2858219147 11.60038 121.1484
31.5404891968 4.2853713036 11.64051 121.1509
31.5392398834 4.2859034538 11.68069 121.1511
31.5402774811 4.2864603996 11.72082 121.1511
31.5411453247 4.286324501 11.76082 121.1511
31.5402984619 4.2868056297 11.80092 129.1849
31.5396175385 4.2869782448 11.84105 130.4541
31.5388507843 4.2870874405 11.88116 130.5636
31.5376224518 4.2862153053 11.92137 130.5733
31.5351600647 4.284453392 11.9614 130.5741
31.534034729 4.2828922272 12.00149 130.5741
31.5326519012 4.2812566757 12.04163 130.5741
31.532875061 4.2827625275 12.08174 125.047
31.5333366394 4.2846231461 12.12196 121.0822
31.5332813263 4.2852897644 12.16221 120.7321
31.5363368988 4.288523674 12.20243 120.7076
31.5379161835 4.2886362076 12.24255 120.7059
31.5395832062 4.2885522842 12.28276 120.7057
31.5402507782 4.290699482 12.3229 120.7057
31.5379333496 4.2908296585 12.36312 130.5089
31.5374889374 4.2886939049 12.40316 133.1725
31.5357398987 4.2880039215 12.4432 133.3662
31.53383255 4.2861948013 12.48321 133.3818
31.533159256 4.2846999168 12.5233 133.3831
31.532201767 4.2828235626 12.56344 133.3832
31.5321426392 4.2812232971 12.60348 133.3832
31.5334835052 4.2821474075 12.64364 133.3833
31.5352401733 4.2840027809 12.68373 133.3832
31.5356254578 4.2827830315 12.72374 132.2162
31.5365619659 4.2809562683 12.76378 121.4497
31.5335063934 4.2799086571 12.80382 120.7776
31.5345249176 4.2785177231 12.84402 120.7166
31.5366744995 4.2790026665 12.88414 120.7119
31.5389862061 4.2795424461 12.92428 120.7115
31.5380249023 4.2815065384 12.96428 120.7115
31.5391635895 4.2831997871 13.0045 120.7115
31.5401172638 4.2835993767 13.04454 120.7115
31.5409450531 4.2849831581 13.08476 120.7115
31.5416660309 4.2855949402 13.12497 120.7115
31.542350769 4.2859106064 13.16501 120.7115
31.542350769 4.2859106064 13.16723 120.7115
