31.5475826263 4.288564682 15.86854 109.9744
31.5502319336 4.2901749611 15.90865 109.9354
31.5534343719 4.2918748856 15.94872 109.9325
31.5551567078 4.2949485779 15.9888 109.9322
31.5516796112 4.2955760956 16.02885 109.9322
31.548242569 4.2964324951 16.06896 109.9322
31.5445976257 4.295571804 16.10908 109.9322
31.5465202332 4.2924580574 16.14913 109.9322
31.5471115112 4.2889060974 16.18917 109.9322
31.5499763489 4.2900457382 16.2291 109.9322
31.5517635345 4.2908601761 16.26513 109.9322
