31.5422439575 4.2862401009 13.69606 124.6957
31.5415287018 4.2855162621 13.73609 131.7141
31.5401706696 4.2837424278 13.7763 132.2537
31.5402431488 4.282181263 13.8165 132.2972
31.5411911011 4.2798914909 13.85649 132.3006
31.5447673798 4.2798991203 13.89668 132.3009
31.5477676392 4.2822852135 13.93669 132.3009
31.5495109558 4.2853679657 13.97678 132.3009
31.551448822 4.2885947227 14.01694 132.3009
31.5546779633 4.2906241417 14.05699 132.3009
31.557767868 4.2927017212 14.09707 132.3009
31.5577011108 4.2898392677 14.1371 121.3291
31.5569095612 4.285902977 14.17719 119.7877
31.5567150116 4.2821326256 14.21737 119.637
31.5580806732 4.2788710594 14.25753 119.6271
31.5603885651 4.2758665085 14.29768 119.6263
31.558971405 4.2726812363 14.33783 119.6262
31.5554103851 4.2712788582 14.37803 119.6262
31.551530838 4.2710690498 14.41811 119.6262
31.5499172211 4.2704672813 14.45822 119.6262
31.5474681854 4.2704181671 14.49826 117.2407
31.5436935425 4.2703003883 14.53836 116.7589
31.541721344 4.2669892311 14.57855 116.7264
31.5384521484 4.2650675774 14.61876 116.7236
31.5347499847 4.2642226219 14.65887 116.7234
31.5309619904 4.2655067444 14.69896 116.7234
31.530374527 4.2691745758 14.73898 116.7234
31.5299758911 4.2730097771 14.77909 116.7234
31.5299549103 4.2752885818 14.81922 116.7234
31.5264453888 4.2742314339 14.85935 116.7234
31.5244235992 4.2771744728 14.89957 116.7234
31.5246601105 4.2810821533 14.9398 116.7234
31.5254306793 4.2849006653 14.97993 116.7234
31.5261287689 4.2886285782 15.02005 116.7234
31.5268688202 4.2920851707 15.06028 116.7234
31.5305271149 4.2925891876 15.10036 116.7234
31.5321350098 4.2961330414 15.14049 123.3027
31.5337734222 4.2992119789 15.18059 123.8026
31.5362949371 4.296869278 15.22064 123.8424
31.5381603241 4.2936420441 15.26078 123.8461
31.5418548584 4.2921042442 15.30091 123.8464
31.5442638397 4.2892904282 15.34094 123.8464
31.5443954468 4.2861456871 15.38113 123.8464
31.5423679352 4.2860178947 15.42132 123.8464
31.5423679352 4.2860178947 15.43021 123.8464
