Day: 181
31.3534870148 4.7780036926 7.882034 185.8357
31.3564586639 4.7756052017 7.922132 185.8357
31.3578510284 4.7713427544 7.962171 182.9832
31.3592147827 4.7672438622 8.002303 181.8963
31.3604373932 4.7630968094 8.042323 181.8043
31.3615283966 4.7588920593 8.082438 181.7966
31.3646316528 4.7579712868 8.122575 181.796
31.3665142059 4.7588572502 8.162599 181.7959
31.3706665039 4.7575445175 8.202729 181.7959
31.3747806549 4.7563500404 8.242768 181.7959
31.3784999847 4.7579116821 8.282887 181.7959
31.3814582825 4.759411335 8.322981 181.7959
31.3852844238 4.7593288422 8.36305 176.8526
31.389591217 4.7600398064 8.40307 173.8514
31.3939971924 4.760679245 8.443221 173.6346
31.3984661102 4.7612390518 8.483253 173.619
31.4028301239 4.7607750893 8.523303 173.6176
31.4070072174 4.7598381042 8.563329 173.6175
31.4109191895 4.7597899437 8.603407 173.6175
31.412607193 4.7638530731 8.643405 173.6175
31.4151592255 4.7673678398 8.683455 173.6175
31.4139518738 4.7712206841 8.723552 173.6175
31.4125003815 4.7753558159 8.763636 173.6175
31.4121704102 4.7798609734 8.803741 173.6175
31.41173172 4.784201622 8.843874 173.6175
31.4087162018 4.7868285179 8.88398 173.6175
31.4045829773 4.7877316475 8.924142 171.6098
31.4006004333 4.7870836258 8.964201 169.2781
31.3965930939 4.7880530357 9.004224 169.0954
31.3922195435 4.7889094353 9.044415 169.0802
31.388256073 4.7907314301 9.084432 169.0789
31.3841457367 4.790948391 9.124509 169.0788
31.3809509277 4.7928128242 9.164553 169.0788
31.3798046112 4.7968792915 9.204636 169.0788
31.3774833679 4.8007340431 9.244684 169.0788
31.373840332 4.8024940491 9.284743 169.0788
31.3706035614 4.8049302101 9.324824 169.0788
31.3680553436 4.8083815575 9.36496 169.0788
31.3657855988 4.8122057915 9.405077 169.0788
31.3639621735 4.8162679672 9.445092 169.0788
31.3617153168 4.8199453354 9.485151 169.0788
31.3580932617 4.8221178055 9.525158 173.1405
31.3565998077 4.8221349716 9.565311 181.0262
31.3565311432 4.8262472153 9.605469 181.652
31.3571739197 4.8303613663 9.645473 181.6973
31.35597229 4.8346185684 9.685507 181.7016
31.3550319672 4.8353238106 9.725588 181.7019
31.3507709503 4.8359184265 9.76568 181.7019
31.3482666016 4.8391957283 9.805754 181.7019
31.3462467194 4.8429822922 9.845814 187.4868
31.3461151123 4.8474154472 9.885924 188.3543
31.3425827026 4.8497972488 9.925983 188.438
31.3392715454 4.8525729179 9.965993 188.444
31.3370113373 4.8563480377 10.00611 188.4444
31.3337879181 4.8585119247 10.04613 188.4444
31.3296394348 4.8580760956 10.08624 188.4444
31.3264369965 4.8552436829 10.12626 188.4444
31.3229484558 4.8533716202 10.16626 188.4444
31.3213882446 4.8494820595 10.20634 188.4444
31.319486618 4.846241951 10.24639 188.4444
31.3178291321 4.8462963104 10.28652 177.1612
31.3171672821 4.8422298431 10.32654 175.8789
31.3147563934 4.8388309479 10.3667 175.7767
31.3125896454 4.8353900909 10.40686 175.7682
31.3101119995 4.8317670822 10.44686 175.7675
31.3089313507 4.827583313 10.48693 175.7675
31.306055069 4.8267116547 10.52695 175.7675
31.3029022217 4.8252797127 10.56696 175.7674
31.3028087616 4.8211078644 10.60715 175.7675
31.3028583527 4.8168568611 10.64725 175.7675
31.3028125763 4.8130264282 10.68735 175.7675
31.3023338318 4.8085770607 10.72736 176.5255
31.3029174805 4.8045449257 10.76748 182.7295
31.3043270111 4.8008317947 10.80754 183.346
31.307849884 4.7982621193 10.84755 183.3968
31.3121623993 4.79672575 10.88774 183.401
31.3160247803 4.7959914207 10.9279 183.4013
31.3203201294 4.7954425812 10.96792 183.4014
31.3245830536 4.7964363098 11.00797 183.4014
31.3290042877 4.7964024544 11.0482 183.4014
31.3332004547 4.7953858376 11.08835 183.4014
31.3367462158 4.7928419113 11.12837 183.4014
31.3412780762 4.7930355072 11.16853 183.4014
31.3444099426 4.7899737358 11.20861 184.5999
31.3469924927 4.7864050865 11.24871 187.7783
31.3488235474 4.7825756073 11.28873 188.0453
31.3512496948 4.7793927193 11.32882 188.065
31.3543949127 4.7773151398 11.36884 188.0669
31.3572216034 4.7741765976 11.40891 188.0671
31.3574237823 4.772954464 11.41946 188.0671
