31.3402366638 4.778026104 9.459557 151.4064
31.3416175842 4.776892662 9.49971 154.2863
31.3432712555 4.7754201889 9.539728 154.4796
31.3453292847 4.7729239464 9.579874 154.4985
31.3452186584 4.7730364799 9.619918 154.5
31.3463993073 4.7682852745 9.660017 154.5001
31.3449554443 4.7648253441 9.700171 154.5001
31.3451213837 4.7636089325 9.740329 154.5001
31.3414440155 4.7658514977 9.780396 154.5001
31.3416042328 4.7638206482 9.820399 161.1814
31.3432044983 4.7618708611 9.860533 162.9004
31.3396987915 4.7593994141 9.900665 163.0186
31.335187912 4.7595643997 9.940747 163.0288
31.3368091583 4.7611804008 9.980935 159.9747
31.3399448395 4.7639513016 10.02097 156.8529
31.3388881683 4.768556118 10.06097 156.6326
31.3390693665 4.7734918594 10.10111 156.6141
31.3381710052 4.7765893936 10.14121 156.6124
31.3399486542 4.77688694 10.18125 156.6123
31.3415584564 4.776204586 10.22134 156.6123
31.3399581909 4.7776632309 10.26138 156.6123
31.3399581909 4.7776632309 10.29836 156.6123
