31.2557506561 4.7390065193 15.32491 188.8072
31.2519512177 4.7366094589 15.365 194.3918
31.2478466034 4.7348279953 15.4051 194.9817
31.24360466 4.7338166237 15.44511 195.0329
31.2413196564 4.7342147827 15.48514 195.0378
31.23787117 4.7317199707 15.52515 195.0382
31.2344436646 4.7291755676 15.56521 195.0382
31.2314968109 4.7258205414 15.60528 195.0382
31.2306175232 4.7215690613 15.64532 195.0382
31.2269477844 4.7210736275 15.68539 195.0382
31.2240142822 4.7199702263 15.72544 195.0382
31.2267570496 4.7167320251 15.76549 195.0382
31.2300376892 4.7138752937 15.80553 195.0382
31.2341938019 4.7140426636 15.84564 195.0382
31.2382717133 4.7153844833 15.88565 195.0382
31.2424163818 4.7167711258 15.92581 201.5611
31.2462387085 4.7187891006 15.96589 206.9741
31.2503890991 4.7198801041 16.00594 207.424
31.2540512085 4.722017765 16.04596 207.4546
31.2560977936 4.725880146 16.08601 207.4576
31.2586727142 4.7295746803 16.12614 207.4578
31.2599716187 4.7334775925 16.16619 207.4579
31.2591171265 4.7370233536 16.20629 207.4579
31.2564373016 4.7393627167 16.24636 207.4579
31.254901886 4.7383966446 16.26279 207.4579
