31.3399581909 4.7776632309 10.34141 156.6123
31.3376312256 4.7805571556 10.38148 145.7243
31.3350658417 4.7837314606 10.4215 144.4074
31.3318405151 4.7847290039 10.46155 144.2925
31.3280315399 4.7866330147 10.50155 144.2826
31.3237743378 4.7853503227 10.54169 144.2819
31.3204135895 4.7825574875 10.58184 144.2818
31.3181152344 4.7789449692 10.62193 144.2818
31.316242218 4.7750248909 10.66199 144.2818
31.3145065308 4.7710080147 10.70204 144.2818
31.3162155151 4.7670717239 10.74212 144.6699
31.3172645569 4.7654705048 10.78226 145.8326
31.3199863434 4.7631793022 10.82232 145.9234
31.3231487274 4.7607831955 10.86237 145.9319
31.3272533417 4.7602305412 10.90242 145.9325
31.3310699463 4.7586698532 10.94249 145.9326
31.3352527618 4.7586607933 10.98265 145.9326
31.3395061493 4.7592539787 11.02279 145.9326
31.3433570862 4.7618794441 11.06283 145.9326
31.341337204 4.7648415565 11.10285 145.9326
31.344493866 4.7638821602 11.14286 145.9326
31.3454208374 4.7654623985 11.18302 145.9326
31.3465862274 4.7696380615 11.22317 145.9326
31.345035553 4.7734131813 11.26317 145.9326
31.3423957825 4.7761368752 11.30324 155.03
31.3403129578 4.7779393196 11.34326 158.1702
31.3403129578 4.7779393196 11.34575 158.2087
