31.2979831696 4.7908639908 16.69579 191.6903
31.2984161377 4.7945280075 16.73595 191.6903
31.2989521027 4.7990164757 16.7761 191.6903
31.2953987122 4.8010168076 16.81613 191.6903
31.29114151 4.8009548187 16.85616 191.6903
31.2871494293 4.799258709 16.89618 191.6903
31.2857608795 4.7953658104 16.9363 191.6903
31.287815094 4.7915110588 16.97635 191.6903
31.2919483185 4.7906208038 17.01653 191.6903
31.296257019 4.7893061638 17.05672 191.6903
31.2983856201 4.7927055359 17.09682 191.6903
31.2985630035 4.7971673012 17.1369 190.7737
31.298822403 4.7986807823 17.15649 188.8278
