31.3544521332 4.7538442612 11.68161 158.4447
31.3539829254 4.7507658005 11.72162 158.4447
31.3512611389 4.7506775856 11.76169 158.4447
31.3517990112 4.7490205765 11.80173 158.4447
31.3551311493 4.749838829 11.84187 169.759
31.3586978912 4.7521371841 11.88198 170.5821
31.360912323 4.7542276382 11.92212 170.6433
31.3595352173 4.756872654 11.96223 170.6487
31.3561382294 4.7552757263 12.00235 170.6492
31.3539543152 4.7516741753 12.04247 170.6492
31.3539333344 4.7510728836 12.06429 170.6492
