31.260055542 4.7469649315 16.37347 207.4579
31.2589759827 4.7512011528 16.41354 207.4579
31.2585201263 4.7556653023 16.45354 207.4579
31.2590694427 4.7598667145 16.49354 207.4579
31.2594470978 4.7643070221 16.53355 210.2948
31.2583961487 4.7686142921 16.57363 217.1429
31.2604408264 4.7704873085 16.61366 217.71
31.2604866028 4.7728571892 16.65368 217.7524
31.2568721771 4.7753534317 16.69379 217.7557
31.2559757233 4.7796874046 16.73381 217.7559
31.255197525 4.7841053009 16.77386 217.7559
31.255437851 4.7881660461 16.814 217.7559
31.2543888092 4.7926564217 16.85404 217.756
31.2538261414 4.7971196175 16.8942 217.756
31.2543334961 4.8011412621 16.93421 217.7559
31.2545108795 4.8055229187 16.97433 216.7913
31.2550354004 4.8099184036 17.01436 216.5073
31.2558746338 4.8141946793 17.05438 216.4886
31.2577228546 4.8182959557 17.0944 216.487
31.2607250214 4.821639061 17.13443 216.4869
31.2633609772 4.825050354 17.17462 216.4869
31.2677574158 4.8256139755 17.21476 216.4868
31.271736145 4.8274989128 17.25481 216.4869
31.273235321 4.8316726685 17.29483 216.4868
31.27592659 4.8353023529 17.33494 216.4869
31.2750663757 4.8395228386 17.37506 216.4869
31.2766971588 4.8436741829 17.41508 221.0743
31.2803611755 4.8463077545 17.45524 227.957
31.2842578888 4.8483958244 17.49528 228.505
31.2862091064 4.8486504555 17.53543 228.5426
31.2897605896 4.8465809822 17.57562 228.5457
31.2937641144 4.8451433182 17.61568 228.546
31.2956981659 4.8422236443 17.65578 224.0418
31.2965908051 4.8385195732 17.69589 216.782
31.2976665497 4.837624073 17.73595 216.243
31.3003540039 4.8375115395 17.77596 216.2068
31.2976703644 4.8344655037 17.81605 216.2036
31.2974205017 4.8327493668 17.85608 216.2034
31.2958965302 4.829199791 17.89616 216.2034
31.2945213318 4.8250846863 17.93631 216.2034
31.2919921875 4.8219528198 17.97639 216.2034
31.2897853851 4.818669796 18.01645 227.5379
31.2881317139 4.8146567345 18.05656 228.7304
31.2879505157 4.8104457855 18.09666 228.8277
31.28465271 4.8077459335 18.13671 228.8347
31.2814445496 4.804775238 18.17673 228.8353
31.2796802521 4.8006649017 18.21686 228.8353
31.2786254883 4.7964172363 18.25694 228.8353
31.2793750763 4.7921366692 18.29709 228.8353
31.2805900574 4.7880320549 18.33722 228.8353
31.2806186676 4.7837309837 18.37726 217.6387
31.2832775116 4.7803616524 18.41744 216.6089
31.2846946716 4.7808237076 18.45751 216.5257
31.2868118286 4.7774796486 18.49753 216.5192
31.2895145416 4.7741465569 18.53758 216.5186
31.2934303284 4.7723040581 18.57774 216.5186
31.2975940704 4.7723450661 18.61786 216.5186
31.3013362885 4.7712006569 18.65797 216.5186
31.3048706055 4.7685136795 18.69814 216.5186
31.3083400726 4.7657265663 18.73819 216.5186
31.3121032715 4.7633681297 18.77825 216.5186
31.3148651123 4.7600135803 18.8183 216.5186
31.3181667328 4.7572588921 18.85844 216.5186
31.3217468262 4.7550816536 18.89848 216.5186
31.3250865936 4.7527289391 18.93861 216.5186
31.3297672272 4.7518677711 18.97873 206.9172
31.3342189789 4.7513303757 19.01884 205.2373
31.3387126923 4.7517986298 19.05897 205.1099
31.3405342102 4.7519245148 19.07384 205.1027
