31.3401527405 4.7521162033 11.92174 180.584
31.3442020416 4.7508177757 11.9619 180.584
31.3460903168 4.7471380234 12.00201 180.584
31.3481693268 4.7477378845 12.04205 180.584
31.3497924805 4.7449512482 12.08216 180.584
31.3520698547 4.7416243553 12.1222 173.8173
31.3564300537 4.7414827347 12.16225 172.4548
31.3606109619 4.7425050735 12.20234 172.351
31.3640136719 4.7442655563 12.24238 172.3435
31.3679199219 4.7449564934 12.28241 169.0762
31.3720378876 4.7456345558 12.32251 167.6862
31.3737049103 4.7471346855 12.36253 167.555
31.375995636 4.7449021339 12.40268 167.5447
31.3802776337 4.7446527481 12.44273 167.5439
31.38422966 4.743496418 12.48287 167.5439
31.3873329163 4.7452740669 12.52289 167.5439
31.3897571564 4.7487344742 12.56303 167.5439
31.3935871124 4.7509183884 12.60319 166.447
31.397857666 4.750849247 12.64325 166.2506
31.4022121429 4.7502083778 12.68339 166.235
31.4063262939 4.7497792244 12.72352 166.2335
31.4098815918 4.7501316071 12.76358 166.2334
31.4143199921 4.750875473 12.80363 166.2334
31.4176845551 4.748644352 12.84374 166.2334
31.4212913513 4.746219635 12.88374 168.0162
31.4231414795 4.7425394058 12.9238 168.2801
31.42486763 4.7384562492 12.96395 168.3042
31.427482605 4.734951973 13.00399 168.306
31.4318504333 4.7343935966 13.04409 168.3061
31.4348506927 4.7327060699 13.08415 178.3378
31.4325447083 4.731215477 13.12431 180.7582
31.4282569885 4.7314901352 13.16444 180.9649
31.4248504639 4.7292938232 13.20444 180.9828
31.4257507324 4.7259511948 13.24455 183.5414
31.4244365692 4.7238855362 13.28465 188.4263
31.4215908051 4.7207198143 13.32471 188.8576
31.419927597 4.7167897224 13.36477 188.8941
31.4175624847 4.7137498856 13.40491 188.9848
31.41563797 4.7137351036 13.44492 198.8297
31.4112358093 4.7142591476 13.48499 199.8633
31.4078578949 4.7169737816 13.52511 199.9458
31.4036312103 4.7175688744 13.56523 199.9528
31.4005661011 4.7147779465 13.60534 199.9534
31.3979854584 4.7118639946 13.64539 199.9535
31.3977012634 4.7083911896 13.68546 199.9535
31.3934993744 4.7074780464 13.7255 199.9535
31.3891944885 4.7071285248 13.76557 195.5361
31.3850688934 4.7054886818 13.80563 193.0087
31.3806743622 4.7060279846 13.84577 192.7622
31.3763046265 4.7063965797 13.88593 192.7443
31.3721637726 4.7061786652 13.92601 192.7427
31.3679161072 4.7056117058 13.96611 192.7426
31.3641147614 4.7069468498 14.00624 192.7426
31.36028862 4.7076220512 14.04635 192.7426
31.3564243317 4.7062721252 14.08646 192.7426
31.3523712158 4.7055182457 14.12648 192.7426
31.3491210938 4.7084422112 14.16665 192.7426
31.3466396332 4.7100157738 14.20684 192.7426
31.3437328339 4.7121734619 14.24698 192.7426
31.3399505615 4.7144522667 14.28717 192.7426
31.3373260498 4.7147307396 14.32724 192.7426
31.3339271545 4.7158498764 14.36733 192.7426
31.3302497864 4.7186861038 14.40745 189.0356
31.3264656067 4.7207064629 14.44758 188.2755
31.3219966888 4.7204351425 14.48763 188.2129
31.3179683685 4.7221107483 14.52767 188.2078
31.314289093 4.7242321968 14.5678 188.2074
31.3103752136 4.7262601852 14.60782 188.2074
31.3059101105 4.7273507118 14.64785 188.2074
31.301568985 4.7284297943 14.68795 199.1609
31.2971839905 4.7297677994 14.72797 200.3617
31.2939472198 4.7324237823 14.76806 200.4771
31.2899169922 4.7343020439 14.80808 200.4851
31.2856769562 4.7351603508 14.84818 200.4857
31.2812671661 4.7352347374 14.88822 200.4858
31.2772502899 4.7365350723 14.92831 200.4858
31.2736244202 4.7383584976 14.96841 200.4858
31.2695827484 4.736951828 15.00856 191.257
31.2664680481 4.7345223427 15.04858 189.0071
31.2636833191 4.7349839211 15.08862 188.8239
31.2626419067 4.7381930351 15.12868 188.8085
31.2594242096 4.7408246994 15.1687 188.8073
31.2599239349 4.7451205254 15.2088 188.8072
31.2598609924 4.7459173203 15.22581 188.8072
