31.3199195862 5.0136408806 5.96298 271.9138
31.3218955994 5.0137486458 6.003085 271.7784
31.3221874237 5.0168094635 6.04326 271.7677
31.3193130493 5.0184044838 6.083414 271.7669
31.317232132 5.0225448608 6.123571 271.7669
31.3198223114 5.0225858688 6.163711 271.7668
31.3231639862 5.0220475197 6.203848 271.7668
31.3258533478 5.0231933594 6.243939 271.7668
31.3293476105 5.0248308182 6.284024 271.7668
31.3300457001 5.023308754 6.324036 271.7668
31.3277111053 5.0212926865 6.3643 271.7668
31.3289165497 5.0191316605 6.404454 271.7668
31.3315067291 5.021999836 6.444619 271.7668
31.3330459595 5.0256381035 6.484761 271.7668
31.3310279846 5.0290346146 6.524932 271.7668
31.3265762329 5.0305199623 6.56503 263.0759
31.3253154755 5.0273222923 6.605172 262.1185
31.3257007599 5.0245947838 6.64537 262.0479
31.3221988678 5.0234045982 6.685375 262.0425
31.3198509216 5.0238695145 6.725577 262.042
31.3188400269 5.02287817 6.765628 262.042
31.3166046143 5.0242238045 6.805833 262.042
31.3166732788 5.0220379829 6.845956 262.042
31.3178501129 5.0197706223 6.886216 262.042
31.3190765381 5.0175151825 6.926232 262.042
31.321269989 5.0163474083 6.966417 262.042
31.3214511871 5.0145516396 7.006697 262.042
31.3206291199 5.0141196251 7.046896 262.042
31.3198051453 5.0141162872 7.086939 262.042
31.3198051453 5.0141162872 7.094405 262.042
