31.3105354309 5.02713871 16.03302 241.8257
31.3120555878 5.0304808617 16.07303 241.8263
31.3130626678 5.0339803696 16.11304 241.8264
31.3166675568 5.0363316536 16.15314 241.8264
31.3202362061 5.0386433601 16.19333 247.5974
31.3241767883 5.0398540497 16.23335 251.9671
31.3280143738 5.0406312943 16.27338 252.3561
31.3314342499 5.0391082764 16.31339 252.3864
31.3352298737 5.0380449295 16.35356 252.3888
31.3388233185 5.0366220474 16.39374 252.389
31.3422317505 5.0350499153 16.43391 252.389
31.3441810608 5.0319004059 16.47412 252.389
31.3458709717 5.0284013748 16.51421 252.389
31.3470554352 5.0246720314 16.55426 252.389
31.3455276489 5.0210232735 16.59434 252.389
31.3434829712 5.0175704956 16.63454 252.389
31.3405246735 5.0147356987 16.67464 252.389
31.3375244141 5.0122203827 16.71475 261.7137
31.333864212 5.0101342201 16.75495 264.7832
31.3299274445 5.0107784271 16.7951 265.0445
31.3268051147 5.0127606392 16.83513 265.0655
31.3229541779 5.0125603676 16.87527 265.067
31.3199100494 5.0141243935 16.91554 265.0671
31.3185939789 5.0142951012 16.9558 265.0671
31.3157749176 5.015059948 16.99602 257.5122
31.3136138916 5.0179319382 17.0361 253.9329
31.3123855591 5.0211982727 17.07614 253.616
31.310503006 5.02465868 17.11621 253.5887
31.3109645844 5.0282797813 17.15631 253.5865
31.3115978241 5.0296039581 17.18627 253.5863
