32.1078605652 4.7389993668 10.8189 122.0601
32.1061859131 4.7356405258 10.85894 122.0601
32.1040039062 4.7323298454 10.89908 122.0601
32.1023445129 4.7282280922 10.93919 122.0601
32.1018066406 4.7238473892 10.97926 122.0601
32.1011695862 4.7195115089 11.01943 122.0601
32.098236084 4.7166204453 11.05945 122.0601
32.0967483521 4.7125787735 11.09946 122.0601
32.0954818726 4.7082810402 11.13952 122.0601
32.0947303772 4.7042126656 11.17956 122.0601
32.0936431885 4.7000794411 11.21957 122.0601
32.091255188 4.696410656 11.25957 117.4144
32.0878944397 4.6935844421 11.29961 116.3159
32.0836791992 4.6926212311 11.33968 116.2058
32.0801315308 4.6949725151 11.37995 116.1974
32.0795021057 4.698990345 11.42005 116.1967
32.0807380676 4.7030100822 11.46009 116.1967
32.0829925537 4.7065501213 11.50022 116.1967
32.0849533081 4.7103366852 11.54024 116.1967
32.0862503052 4.714512825 11.58037 116.1967
32.0862617493 4.7180943489 11.62047 116.1967
32.0852622986 4.7223849297 11.66061 121.418
32.0832519531 4.7263298035 11.70073 127.0658
32.0810852051 4.7300920486 11.74078 127.4452
32.0784759521 4.7335848808 11.78087 127.4763
32.0760917664 4.7371230125 11.82094 127.4789
32.074005127 4.7405462265 11.86108 127.4791
32.07371521 4.7448711395 11.9012 127.4791
32.0754051208 4.7485632896 11.94126 127.5949
32.078540802 4.75167799 11.98142 127.7229
32.0816650391 4.7548246384 12.02146 127.7336
32.0850715637 4.7577800751 12.06152 127.7344
32.0882644653 4.7608923912 12.10161 127.7345
32.0909805298 4.7644267082 12.14171 127.7345
32.0939788818 4.7677130699 12.18179 127.7345
32.0975227356 4.7703003883 12.22186 127.7345
32.101852417 4.770070076 12.26195 127.7345
32.1061630249 4.7699575424 12.30204 127.7345
32.1095695496 4.7677388191 12.34217 124.9911
32.1101264954 4.7635822296 12.3823 123.7341
32.1104774475 4.7592024803 12.42233 123.6382
32.1084823608 4.7554450035 12.46238 123.6323
32.1072998047 4.7523937225 12.5025 123.6317
32.108001709 4.7489533424 12.54253 123.6317
32.1079902649 4.748488903 12.57572 123.6317
