32.113609314 4.7445087433 12.67184 123.6317
32.1136474609 4.7413868904 12.71186 123.6317
32.1127357483 4.7383971214 12.752 123.6317
32.110332489 4.7347788811 12.79214 123.6317
32.1084365845 4.7314181328 12.83215 123.6317
32.1069068909 4.7273788452 12.87215 123.6317
32.1060676575 4.7230529785 12.91221 125.1406
32.1080093384 4.7200407982 12.95231 134.2557
32.1123886108 4.7203741074 12.99236 134.9165
32.1166992188 4.7212948799 13.03247 134.9756
32.12084198 4.7226800919 13.07252 134.9793
32.1249542236 4.7242951393 13.11255 134.9797
32.128692627 4.726723671 13.15267 134.9797
32.131980896 4.7296710014 13.19281 134.9797
32.1345901489 4.7332348824 13.23285 134.9797
32.1381454468 4.7357597351 13.27291 134.9797
32.1392593384 4.7396235466 13.3129 134.9797
32.1395606995 4.7417011261 13.35301 134.9797
32.1359214783 4.7442035675 13.39303 133.1951
32.1319046021 4.7456464767 13.43313 131.2902
32.1276741028 4.7467160225 13.47317 131.1352
32.1233634949 4.7469072342 13.51326 131.1232
32.1194877625 4.7461438179 13.55338 131.1221
32.1152534485 4.7458634377 13.59341 131.122
32.1136627197 4.7439231873 13.61877 131.122
