Day: 187
32.0675582886 4.6781582832 10.78196 64.23238
32.0694847107 4.6807947159 10.82209 64.24592
32.0667076111 4.6835370064 10.86217 64.24696
32.0628738403 4.6844630241 10.90223 64.24703
32.0589256287 4.6838622093 10.94229 64.24704
32.0546913147 4.682528019 10.9824 64.24704
32.051574707 4.6796765327 11.02242 64.24703
32.0498847961 4.67663908 11.06248 64.24704
32.0480499268 4.6730103493 11.10258 64.24704
32.0461997986 4.6693949699 11.14265 64.24705
32.0448684692 4.6657094955 11.18272 64.24703
32.0432319641 4.6619310379 11.22272 64.24703
32.0426673889 4.6581931114 11.26281 64.24704
32.0467147827 4.6570911407 11.30282 65.67181
32.0511245728 4.6581573486 11.34297 66.03451
32.0552101135 4.6598067284 11.38298 66.06559
32.0578384399 4.6629581451 11.423 66.06802
32.0585136414 4.667304039 11.46307 66.06823
32.0609054565 4.6709766388 11.5031 65.29015
32.063911438 4.6739850044 11.54314 63.55665
32.0667915344 4.677312851 11.5832 63.3835
32.0693206787 4.6806311607 11.62319 63.36847
32.0693244934 4.6806459427 11.62331 63.36847
