30.8948688507 4.5091538429 12.44291 225.3403
30.8920173645 4.5082817078 12.48307 225.3381
30.8882160187 4.5067734718 12.52314 225.3379
30.8880653381 4.5070910454 12.56323 225.3378
30.8904685974 4.5080637932 12.60331 225.3379
30.8921012878 4.5109210014 12.64335 227.6831
30.8960723877 4.512860775 12.68351 230.0837
30.8990097046 4.5120654106 12.72365 230.3061
30.8980350494 4.510828495 12.76369 230.3205
30.8966941833 4.5101480484 12.80381 230.3219
30.8948326111 4.5091514587 12.84395 230.3219
30.8943881989 4.5090236664 12.85133 230.3219
