30.8941802979 4.5067796707 14.12755 187.7108
30.8906116486 4.5052723885 14.1677 187.7108
30.8863601685 4.5035772324 14.20772 186.2942
30.8823852539 4.5013480186 14.24787 185.9313
30.8800868988 4.498105526 14.28791 185.9032
30.8786315918 4.494099617 14.32805 185.9011
30.8778572083 4.4897127151 14.36817 185.9009
30.8773193359 4.4854073524 14.40827 185.9009
30.8774585724 4.4809613228 14.44835 185.9009
30.8797855377 4.477329731 14.48843 185.8538
30.8836174011 4.4751935005 14.52858 185.8474
30.8877639771 4.4748301506 14.56873 185.847
30.8919792175 4.4743113518 14.60877 185.8469
30.8963890076 4.475048542 14.64891 185.8469
30.9004821777 4.4765124321 14.68897 185.8469
30.9041385651 4.4788632393 14.72902 185.8469
30.9063091278 4.4823117256 14.76908 185.8469
30.9086208344 4.4860534668 14.8091 185.8469
30.9107704163 4.4897913933 14.84927 188.343
30.910867691 4.4941806793 14.88943 194.6767
30.910490036 4.4983878136 14.92949 195.0889
30.9104957581 4.5024356842 14.96957 195.1247
30.911447525 4.5060987473 15.00961 195.1279
30.9120483398 4.5100297928 15.04974 195.1282
30.9098472595 4.5122795105 15.08978 192.7403
30.9056034088 4.510992527 15.12979 190.1288
30.9018268585 4.5096335411 15.16983 189.942
30.8979091644 4.5082406998 15.20992 189.9271
30.8937263489 4.5066051483 15.2501 189.9258
30.8897399902 4.504981041 15.28958 189.9257
