30.8884162903 4.5074286461 15.41207 187.9602
30.8846626282 4.5070118904 15.45212 186.0211
30.8803882599 4.5057559013 15.4922 185.8738
30.8765792847 4.5073943138 15.53233 185.8633
30.8730144501 4.5097880363 15.57237 185.8624
30.8705482483 4.513733387 15.61244 185.8623
30.870513916 4.5182332993 15.65253 185.8623
30.8735141754 4.5215697289 15.69272 185.8623
30.8770236969 4.5241494179 15.73281 185.8623
30.8803787231 4.527033329 15.77295 185.8623
30.8833847046 4.5303559303 15.81313 185.8623
30.8847179413 4.5345849991 15.85325 185.8623
30.8882007599 4.5364427567 15.8933 191.9755
30.8923892975 4.5378661156 15.93336 197.199
30.8968925476 4.537156105 15.97342 197.698
30.900888443 4.5351648331 16.0136 197.7359
30.9049091339 4.5332202911 16.05375 197.7386
30.9086704254 4.5312395096 16.09385 197.7388
30.9124469757 4.5287561417 16.13391 197.7389
30.9139556885 4.5248026848 16.17406 197.7389
30.9123058319 4.520866394 16.21412 197.7389
30.909236908 4.5177698135 16.25432 197.7389
30.9058685303 4.5149588585 16.29434 197.7389
30.9022769928 4.5126862526 16.33454 197.7389
30.8983955383 4.5108470917 16.37455 197.7389
30.8959236145 4.5095553398 16.40027 191.2297
