Day: 184
31.880865097 5.1305446625 9.182841 92.042
31.881565094 5.1325030327 9.222886 92.07877
31.8816013336 5.1337447166 9.262928 92.0816
31.8799591064 5.1325249672 9.303074 92.08186
31.8780975342 5.1360502243 9.343114 92.08187
31.8747196198 5.1376318932 9.383136 92.08188
31.8739547729 5.134139061 9.423223 92.08188
31.876789093 5.1318750381 9.463284 92.08188
31.879693985 5.1321735382 9.503413 92.08188
31.8807086945 5.1313652992 9.54355 92.08188
31.8808822632 5.1305212975 9.583681 92.08188
31.8808689117 5.1305065155 9.594678 92.08188
