31.8805351257 5.1325154305 9.664044 82.52946
31.8802642822 5.1363201141 9.704079 81.8066
31.8764476776 5.137969017 9.744131 81.7479
31.8724784851 5.137907505 9.784271 81.74252
31.8699588776 5.1346812248 9.824281 81.74216
31.8677082062 5.131398201 9.864308 89.82368
31.8685321808 5.1272964478 9.904412 92.63598
31.8687057495 5.1240525246 9.944439 92.82656
31.8697357178 5.1210608482 9.984468 92.84213
31.8725624084 5.1198487282 10.0246 92.84338
31.8741703033 5.1191506386 10.0646 92.84349
31.874584198 5.1201648712 10.10462 92.8435
31.8776741028 5.1225452423 10.14466 92.84351
31.8782596588 5.1250190735 10.18483 92.8435
31.8808879852 5.1281471252 10.22496 88.14836
31.8811416626 5.132065773 10.26501 82.22607
31.8810901642 5.1321539879 10.27184 82.03539
