Day: 188
31.7860412598 4.401664257 12.79292 284.8811
31.7890758514 4.4037322998 12.83292 284.8669
31.7903881073 4.4041604996 12.87294 284.8657
31.7888641357 4.4029312134 12.91298 284.8656
31.7905426025 4.4028253555 12.95309 284.8655
31.7938957214 4.4038701057 12.99321 284.8655
31.7975559235 4.4067931175 13.0333 284.8655
31.8012161255 4.4101643562 13.07331 284.8655
31.8033714294 4.4077453613 13.1134 284.8655
31.8004302979 4.4037261009 13.15343 289.9045
31.7957248688 4.4027280807 13.19361 290.4523
31.7909069061 4.4022879601 13.23368 290.4917
31.7870903015 4.399271965 13.2737 290.4951
31.7847976685 4.3971328735 13.31375 290.4954
31.7831878662 4.3930883408 13.35388 290.4954
31.7823085785 4.3882012367 13.3939 284.0599
31.7800559998 4.3838090897 13.43393 283.2755
31.7766284943 4.3817090988 13.47405 283.2176
31.776348114 4.3856277466 13.51411 283.2125
31.7790489197 4.3897399902 13.5542 283.2121
31.7812042236 4.3941898346 13.59431 283.2121
31.7844715118 4.3978977203 13.63448 283.2121
31.7868747711 4.4005889893 13.67461 283.2121
31.7867050171 4.4016609192 13.71461 283.2121
31.7862701416 4.4013648033 13.74774 283.2121
