31.6979522705 4.3777074814 19.83242 257.7844
31.6941146851 4.3756804466 19.87256 257.7841
31.6900100708 4.3737063408 19.91264 257.7841
31.6862564087 4.3712177277 19.95267 257.784
31.6825065613 4.3691978455 19.99273 257.784
31.678604126 4.3671660423 20.03275 257.7841
31.674905777 4.3646836281 20.07274 257.784
31.671257019 4.3621406555 20.11275 257.132
31.6676101685 4.3595561981 20.15281 256.8181
31.6641311646 4.356730938 20.19292 256.7953
31.6609134674 4.3535337448 20.23293 256.7933
31.6584243774 4.3498001099 20.27297 256.7932
31.6573028564 4.3456950188 20.31301 248.5564
31.6591739655 4.3423614502 20.35304 246.0866
31.6635131836 4.3414707184 20.39321 245.8971
31.6675758362 4.3424744606 20.43329 245.8819
31.6713409424 4.3445048332 20.47329 245.8805
31.6752433777 4.3466873169 20.51347 245.8804
31.6789302826 4.3491334915 20.5535 245.8804
31.6828613281 4.3505864143 20.59362 245.8804
31.6863613129 4.3530197144 20.63366 237.6977
31.690158844 4.3552412987 20.67377 235.568
31.6938438416 4.3576993942 20.71387 235.427
31.6974239349 4.3605146408 20.75399 235.4122
31.7004451752 4.3635773659 20.79414 235.4111
31.7031536102 4.3671283722 20.83418 239.3805
31.7046318054 4.3712410927 20.87425 245.4216
31.705532074 4.3755931854 20.91434 245.902
31.7025661469 4.3781166077 20.95438 245.9431
31.6981906891 4.3777227402 20.9944 245.946
31.6941318512 4.3757276535 21.03449 245.9462
31.6901779175 4.3737421036 21.07453 245.9463
31.6876907349 4.3723311424 21.10037 245.9463
