31.7713375092 4.398961544 16.15894 255.9716
31.7705478668 4.4014430046 16.19909 255.6905
31.7685413361 4.3989982605 16.23917 255.6691
31.7667675018 4.3953232765 16.27918 255.6673
31.7627773285 4.3936405182 16.31927 255.6672
31.7599201202 4.3907284737 16.35933 255.6671
31.7618961334 4.3871693611 16.39942 255.6671
31.7662086487 4.3870162964 16.43945 247.6842
31.769739151 4.3893480301 16.47965 246.5947
31.7706394196 4.3935074806 16.5198 246.5124
31.7716140747 4.3977680206 16.55997 246.5049
31.7716426849 4.3988580704 16.56974 246.5046
