31.7906188965 4.4159655571 15.29107 263.8068
31.7942638397 4.4163417816 15.33115 263.8053
31.7986106873 4.4173088074 15.37127 263.8052
31.8019542694 4.4200463295 15.4113 263.8052
31.8041877747 4.4238581657 15.45135 263.8052
31.8054103851 4.4280819893 15.49147 265.4769
31.8043060303 4.4321203232 15.5315 268.1346
31.8010597229 4.4294543266 15.57153 268.3111
31.7991847992 4.425491333 15.61165 268.3235
31.7971935272 4.4219894409 15.65179 268.3246
31.7940807343 4.4194002151 15.69183 268.3247
31.7899131775 4.4189729691 15.73195 268.3247
31.7881450653 4.416621685 15.77205 268.3247
31.7922840118 4.4157810211 15.81218 268.3247
31.7949619293 4.4162039757 15.83703 268.3247
