31.7924861908 4.4040699005 13.8665 283.59
31.7958755493 4.405936718 13.90661 283.5911
31.7992610931 4.4090251923 13.94675 283.5912
31.8025379181 4.4117722511 13.98685 283.5912
31.8062019348 4.4146790504 14.02694 283.5912
31.8085632324 4.4171962738 14.06708 283.5912
31.8089542389 4.4133296013 14.1072 283.5912
31.80859375 4.4089279175 14.14726 283.5912
31.8080310822 4.4046025276 14.18739 283.5912
31.8079719543 4.400226593 14.22754 283.5912
31.8086738586 4.3959569931 14.26754 283.5912
31.8085479736 4.3917241096 14.30755 283.5912
31.806728363 4.387752533 14.34768 283.8245
31.8040828705 4.3842725754 14.38775 283.8938
31.8003501892 4.3819050789 14.4279 283.8994
31.7960662842 4.3805885315 14.46805 283.8999
31.7921848297 4.3787026405 14.50814 283.8999
31.7885513306 4.3763380051 14.54827 283.8999
31.7850246429 4.3739571571 14.5884 283.8999
31.7812290192 4.3717494011 14.62847 283.8999
31.7773342133 4.3700218201 14.66856 283.8999
31.7729625702 4.3694014549 14.70866 283.8999
31.7715415955 4.3726987839 14.74868 283.8999
31.7726764679 4.376625061 14.78879 283.8999
31.7730560303 4.3809065819 14.82882 283.8999
31.7753505707 4.3846921921 14.86882 283.8999
31.7778091431 4.3882780075 14.90894 283.8999
31.7801189423 4.3920807838 14.94905 283.8999
31.7821388245 4.3961186409 14.98917 274.4787
31.7852993011 4.3992848396 15.02932 273.5652
31.7873325348 4.4009623528 15.05259 273.503
