Day: 313
31.439163208 5.253510952 9.026497 232.5008
31.4397563934 5.2551512718 9.066629 232.5008
31.4398479462 5.2564477921 9.106832 232.5008
31.4388751984 5.2549028397 9.14684 232.5008
31.4373340607 5.2554283142 9.187035 231.1596
31.4366531372 5.2575750351 9.227161 230.7794
31.4362125397 5.2596120834 9.267189 230.7459
31.4345111847 5.2603888512 9.307364 230.7436
31.4325695038 5.2617883682 9.347494 230.7434
31.4305763245 5.2605409622 9.387561 230.7434
31.4301815033 5.258102417 9.427646 230.7434
31.4318618774 5.2565584183 9.467741 230.7434
31.4331111908 5.2550983429 9.507893 230.707
31.4350547791 5.2549629211 9.547951 229.8002
31.437122345 5.2549147606 9.588062 229.7054
31.4391040802 5.2544145584 9.628218 229.6974
31.4387874603 5.2535786629 9.66842 229.6969
31.4387874603 5.2535786629 9.67316 229.6969
