31.4386043549 5.2527809143 9.841867 229.6968
31.4389266968 5.2545046806 9.881967 229.6968
31.4395484924 5.2545228004 9.921972 229.6968
31.4396915436 5.256008625 9.96203 229.6968
31.4387645721 5.2553563118 10.00205 229.6957
31.4395561218 5.2576231956 10.04215 229.6955
31.4397716522 5.2606024742 10.08223 229.6955
31.439496994 5.2630214691 10.1224 229.6955
31.438747406 5.2649936676 10.16241 229.6955
31.436340332 5.2669639587 10.20254 229.6955
31.4330482483 5.2690095901 10.24265 229.6955
31.4287490845 5.2685813904 10.28271 229.6955
31.4256381989 5.2667655945 10.32277 229.6955
31.423833847 5.2633543015 10.36283 229.6954
31.4232501984 5.2595019341 10.40302 229.6955
31.4242229462 5.2561321259 10.44311 229.6955
31.4279613495 5.2538976669 10.48324 230.5274
31.4316883087 5.2521986961 10.52329 240.0315
31.4355068207 5.2527251244 10.56342 240.4785
31.4385108948 5.2527050972 10.60355 240.5132
31.4385662079 5.2532320023 10.6436 240.5156
31.4385662079 5.2532320023 10.64425 240.5156
