38.3775215149 22.4142475128 10.59209 70.22463
38.378288269 22.414308548 10.6322 70.22463
38.3774223328 22.4139862061 10.67229 70.22464
38.3773727417 22.4140491486 10.7106 70.22463
38.3756599426 22.4148216248 10.77566 70.22465
38.374206543 22.4145202637 10.81574 70.22463
38.3755912781 22.4150657654 10.85579 71.09835
38.3761405945 22.4150390625 10.88766 80.64767
38.3745346069 22.4170417786 10.99821 81.88155
38.3753166199 22.416431427 11.03825 82.83737
38.3744430542 22.4166622162 11.0784 88.02443
38.3746604919 22.4172515869 11.11483 88.48375
38.3736953735 22.4166259766 11.15909 88.53373
38.3727760315 22.416721344 11.19913 88.53646
38.3735198975 22.4170017242 11.23257 84.99701
