38.3983840942 22.42811203 7.673817 20.08087
38.3950576782 22.4262466431 7.713878 20.08248
38.3932342529 22.425037384 7.753998 20.08262
38.3900794983 22.4236011505 7.794083 20.08262
38.3867225647 22.4220123291 7.834177 20.08262
38.3835105896 22.420217514 7.874231 20.08262
38.3817367554 22.4204025269 7.914299 20.08262
38.37890625 22.4226932526 7.954379 20.08262
38.3782310486 22.4210510254 7.994401 20.08262
38.3776702881 22.4203948975 8.034439 20.08262
38.3785705566 22.4163551331 8.074531 27.30308
38.3777313232 22.4143619537 8.114619 29.15287
38.3761978149 22.4134483337 8.154645 29.32604
38.3761749268 22.410243988 8.194741 29.33851
38.3766784668 22.4092483521 8.234745 29.33958
38.378868103 22.4062004089 8.274887 29.33967
38.3817176819 22.4039821625 8.314976 29.33969
38.3849449158 22.4011192322 8.355017 29.33969
38.3872909546 22.397983551 8.395073 29.33969
38.3904457092 22.3967647552 8.435102 29.33968
38.3939971924 22.3968391418 8.475229 29.33969
38.3978271484 22.3983879089 8.515344 34.9348
38.4006996155 22.4012565613 8.555368 39.55045
38.4024124146 22.4046840668 8.595434 39.88726
38.4047164917 22.4045295715 8.635488 39.91982
38.4083175659 22.4056911469 8.675581 39.92184
38.411567688 22.4071617126 8.715656 39.92205
38.4154815674 22.4056415558 8.755733 52.54619
38.4186553955 22.403673172 8.795811 55.11894
38.4191093445 22.4067306519 8.835906 55.29997
38.4202194214 22.410446167 8.876017 55.31717
38.4222145081 22.4116077423 8.916047 55.31853
38.4240341187 22.4144821167 8.956174 55.31864
38.4267120361 22.4140987396 8.996183 55.31865
38.4295845032 22.4110946655 9.036203 55.31864
38.4336738586 22.4097423553 9.076234 55.31863
38.4374809265 22.411365509 9.116318 55.31864
38.440574646 22.4116344452 9.156346 55.31865
38.4430427551 22.4140853882 9.196427 55.31866
38.4445533752 22.4111919403 9.236498 55.31866
38.4471282959 22.412279129 9.276545 55.31864
38.4461250305 22.4162273407 9.316566 55.31866
38.445930481 22.4195766449 9.35667 64.5255
38.4449882507 22.423204422 9.396764 67.33398
38.4424057007 22.4264450073 9.436872 67.57032
38.4386749268 22.4284648895 9.476882 67.59347
38.4346618652 22.4286022186 9.516895 67.59523
38.4310569763 22.4297218323 9.557021 67.59538
38.4287910461 22.4299201965 9.597069 67.5954
38.4282188416 22.4338092804 9.637087 81.04296
38.4274749756 22.4366283417 9.677163 82.54717
38.425453186 22.4381084442 9.717257 82.68725
38.4221458435 22.4407653809 9.757297 82.69694
38.4178924561 22.4409828186 9.797369 82.69779
38.4136314392 22.4399681091 9.837515 82.69785
38.409828186 22.4417209625 9.877598 82.69785
38.4078025818 22.4453544617 9.917647 82.69787
38.4055328369 22.4487667084 9.957673 82.69786
38.4041748047 22.4526786804 9.997762 82.69786
38.4002456665 22.454126358 10.03789 82.69786
38.3995437622 22.4511508942 10.07798 82.69786
38.3981513977 22.4470901489 10.11808 82.69785
38.4004592896 22.4431209564 10.15814 82.69786
38.4026527405 22.4394989014 10.19827 82.69785
38.4044723511 22.4356155396 10.23841 80.37968
38.4029960632 22.4314727783 10.27848 79.67622
38.4013977051 22.4295787811 10.30668 79.62699
