38.3803405762 22.4443187714 13.0621 74.99364
38.3784942627 22.4413375854 13.10214 74.97298
38.3761329651 22.4400024414 13.14215 74.97153
38.3719062805 22.4396476746 13.18221 74.9714
38.3683624268 22.438835144 13.22225 74.9714
38.3689346313 22.4408054352 13.26235 74.97139
38.3693313599 22.4421749115 13.30241 74.97139
38.3678665161 22.4439296722 13.34248 74.9714
38.3671798706 22.4460029602 13.3826 74.97139
38.3675003052 22.4484481812 13.42266 74.97139
38.3698272705 22.4516887665 13.46267 74.97139
38.3695678711 22.4555873871 13.50276 61.40363
38.3690452576 22.4596748352 13.54277 59.93926
38.3694877625 22.4639778137 13.58279 59.82518
38.3730125427 22.4660110474 13.62282 59.81752
38.3764533997 22.4665527344 13.66292 59.81666
38.3801765442 22.4685325623 13.70298 59.81661
38.383026123 22.4716396332 13.74307 59.81662
38.3861656189 22.4745044708 13.78313 54.21228
38.3856468201 22.4772987366 13.82315 52.60025
38.3815536499 22.4762859344 13.86326 52.51353
38.3778152466 22.4748973846 13.90331 52.507
38.3742523193 22.474237442 13.94341 52.50644
38.3720626831 22.474029541 13.98351 52.50637
38.3740539551 22.4751625061 14.02358 52.50639
38.3767776489 22.4784851074 14.06359 52.50639
38.3765068054 22.482673645 14.1036 52.50638
38.3798904419 22.4849853516 14.14375 51.14012
38.383731842 22.4853515625 14.18377 50.95754
38.3880157471 22.4858474731 14.22381 50.94528
38.3923988342 22.4862499237 14.26387 50.94417
38.3967704773 22.4859657288 14.30393 50.94407
38.4004898071 22.4850387573 14.34396 50.94406
38.4033317566 22.4834823608 14.38398 50.94407
38.4062767029 22.4815063477 14.42411 50.94406
38.4047393799 22.4794578552 14.46424 50.94407
38.4032287598 22.478975296 14.50428 50.94407
38.4073257446 22.4790725708 14.54433 50.94407
38.4103546143 22.4815139771 14.58443 50.94406
38.4131584167 22.4842300415 14.62447 49.21512
38.4167060852 22.4852161407 14.66452 45.07109
38.4187698364 22.4852046967 14.70458 44.69279
38.4210624695 22.4826202393 14.74461 44.65702
38.4241943359 22.4809532166 14.78466 44.65424
38.426612854 22.4774703979 14.82469 44.65405
38.4264602661 22.4733753204 14.86481 44.65403
38.4263801575 22.4701251984 14.90491 44.65404
38.4291992188 22.4669208527 14.94498 44.65403
38.4306869507 22.4645252228 14.98502 44.65403
38.4330940247 22.4619655609 15.02511 44.65403
38.4361076355 22.4649467468 15.06518 44.65404
38.4360160828 22.4693183899 15.1053 38.43999
38.43567276 22.4736366272 15.1454 32.48687
38.4387283325 22.4757347107 15.18543 31.97848
38.4421691895 22.4767742157 15.22551 31.94263
38.4455757141 22.4744262695 15.26552 31.93947
38.4479141235 22.4706840515 15.30563 31.93922
38.4513778687 22.4687290192 15.34565 31.93921
38.4531478882 22.4719772339 15.38571 31.9392
38.4558029175 22.4743061066 15.42576 31.93921
38.459602356 22.4745025635 15.46576 31.93921
38.4623184204 22.4742717743 15.50582 31.9392
38.4635162354 22.4718894958 15.54589 31.93921
38.4628562927 22.4684696198 15.58599 31.93921
38.4606552124 22.466676712 15.62614 31.93921
38.4604187012 22.4634552002 15.66625 31.9392
38.4607543945 22.4594669342 15.70632 31.93921
38.4578399658 22.4561214447 15.74633 38.90807
38.4570808411 22.4518318176 15.78634 40.21878
38.4551773071 22.4480247498 15.82641 40.3448
38.4524421692 22.444858551 15.8665 40.35446
38.4508628845 22.4408054352 15.90655 40.35539
38.451210022 22.4376220703 15.94669 40.35545
38.4483261108 22.4368991852 15.98673 40.35544
38.4469947815 22.4353713989 16.02686 40.35546
38.4502067566 22.435344696 16.067 47.42266
38.4527549744 22.4362239838 16.10703 48.23164
38.4530067444 22.4359264374 16.14705 48.29111
38.4545326233 22.4355697632 16.18714 48.29567
38.4544334412 22.4338741302 16.22731 48.29604
38.4522476196 22.4314250946 16.26743 48.29606
38.4482154846 22.430355072 16.30745 48.29608
38.4440803528 22.4310054779 16.34749 48.29607
38.4402694702 22.4329853058 16.3876 48.29606
38.4365997314 22.4356060028 16.42771 48.29609
38.4384460449 22.4373645782 16.46775 48.73566
38.439781189 22.4376850128 16.49459 49.08352
Day: 152
38.4367027283 22.4374332428 7.459215 56.90635
38.4381370544 22.4399528503 7.499338 56.90634
38.4409408569 22.4425239563 7.539361 56.90634
38.4410629272 22.4466609955 7.579451 56.90634
38.4396057129 22.4506473541 7.6195 56.90634
38.4413757324 22.4533996582 7.659576 58.22938
38.4417648315 22.4546604156 7.699627 61.54098
38.4379692078 22.4552211761 7.739679 61.81112
38.4377937317 22.4558906555 7.779685 61.84
38.4372138977 22.4584712982 7.819806 61.8422
38.4340858459 22.4555263519 7.859881 61.84237
38.4317092896 22.4518318176 7.900009 57.12369
38.4293746948 22.4487552643 7.940146 56.32636
38.429309845 22.4455795288 7.980247 56.26365
38.4265213013 22.4430370331 8.020331 56.25828
38.4231338501 22.4439888 8.060393 50.98726
38.4191513062 22.444562912 8.10043 44.22085
38.4149093628 22.4448375702 8.140485 43.5938
38.4128494263 22.4476490021 8.180573 43.54235
38.4102630615 22.4479904175 8.220699 43.53864
38.4083518982 22.4519634247 8.260701 43.53838
38.4083595276 22.456035614 8.300815 43.41768
38.4106140137 22.459728241 8.340833 31.45199
38.4077339172 22.4628620148 8.380865 30.51926
38.4039993286 22.4647445679 8.420988 30.44428
38.4000740051 22.4637889862 8.461045 30.43851
38.3964920044 22.4618034363 8.501046 42.65991
38.392414093 22.460483551 8.541062 45.59053
38.3899879456 22.4599914551 8.581117 45.82695
38.3866462708 22.4580745697 8.621173 45.84792
38.3858146667 22.4538288116 8.661229 45.84933
38.3856925964 22.4496498108 8.701286 45.84947
38.3820762634 22.4470977783 8.741375 45.8495
38.380443573 22.4444046021 8.769607 45.84947
