38.405380249 22.388092041 7.490304 47.98507
38.4080505371 22.3901042938 7.530373 47.98522
38.412147522 22.3915958405 7.570444 47.98521
38.415397644 22.3941345215 7.610514 47.98523
38.419418335 22.3960018158 7.650608 47.98522
38.4222412109 22.3985824585 7.690669 47.98522
38.4264907837 22.3981437683 7.730749 47.98525
38.4307785034 22.398733139 7.770797 51.91543
38.4343109131 22.3995761871 7.810853 58.48615
38.4386558533 22.3995456696 7.850925 59.33474
38.4429626465 22.4002990723 7.891021 59.39893
38.4458465576 22.3993186951 7.931087 59.40392
38.4429931641 22.3973731995 7.971154 59.4043
38.4403572083 22.3945522308 8.011247 59.40433
38.4397506714 22.3922710419 8.051375 59.40433
38.4415855408 22.3905124664 8.091486 61.28128
38.4451599121 22.3923873901 8.131601 67.04482
38.447479248 22.3957595825 8.171659 67.6255
38.4504165649 22.3974723816 8.211672 67.67799
38.4542388916 22.3994922638 8.251795 67.68273
38.4579734802 22.4017734528 8.291803 67.68309
38.4599266052 22.3991851807 8.33187 67.68311
38.4587135315 22.3952636719 8.371999 63.17661
38.4580726624 22.3908996582 8.412029 62.54955
38.4540710449 22.3896007538 8.452141 62.496
38.4514541626 22.3863487244 8.492162 62.49176
38.4543876648 22.3837928772 8.532207 62.49146
38.4546852112 22.3823661804 8.572321 62.49141
38.4524078369 22.3789710999 8.612364 62.49141
38.4488716125 22.376499176 8.652485 62.49141
38.4444656372 22.3764152527 8.692592 62.4914
38.4406471252 22.3746566772 8.732659 62.49143
38.4403038025 22.3767414093 8.77276 62.49141
38.4423065186 22.3794116974 8.812804 62.49143
38.44008255 22.3818454742 8.852858 62.49142
38.435798645 22.3808174133 8.892984 62.49142
38.4316864014 22.3796367645 8.933059 62.49141
38.4277076721 22.3781909943 8.973136 72.22741
38.4246253967 22.3785629272 9.013159 75.40043
38.4237136841 22.3817672729 9.05322 75.58872
38.4251403809 22.3852081299 9.09336 75.6022
38.422542572 22.3864746094 9.133366 75.60329
38.4184379578 22.384973526 9.173392 75.60339
38.4141387939 22.384929657 9.213522 75.6034
38.4097633362 22.3851490021 9.25361 75.60339
38.405582428 22.3858585358 9.293727 75.60339
38.4054679871 22.3886890411 9.333762 75.6034
38.4094810486 22.3902187347 9.373851 75.60339
38.4133911133 22.3923225403 9.413907 73.33099
38.4168815613 22.3947925568 9.452438 69.575
