35.3586654663 3.584277153 2.988518 0.9436462
35.3592414856 3.5804216862 3.028569 0.9332017
35.359161377 3.5755033493 3.068637 0.9322572
35.3624992371 3.5731089115 3.108686 0.9321868
35.3632011414 3.5776426792 3.148726 0.9321809
35.3617477417 3.5814788342 3.181719 356.7213
35.3170051575 3.5879108906 7.960242 4.556404
35.3591156006 3.5860099792 8.000348 1.987486
35.3593444824 3.585880518 8.040431 1.558767
35.3593406677 3.5858540535 8.040959 1.557559
35.3170547485 3.5879516602 8.119799 1.514391
35.3170547485 3.5879516602 8.159828 1.51414
35.3170814514 3.5875613689 8.199854 1.514119
35.3605232239 3.5830049515 8.239947 1.514117
35.3630104065 3.581097126 8.279991 1.514118
35.3630104065 3.581097126 8.32006 9.838243
35.3630104065 3.581097126 8.360072 13.82253
35.3630104065 3.581097126 8.40009 14.09351
35.3630104065 3.581097126 8.400986 14.11442
35.3628349304 3.5820198059 8.43914 14.1163
35.3585472107 3.5843498707 8.479148 14.11644
35.317199707 3.5874710083 8.519158 14.11646
35.361366272 3.5821721554 8.559187 13.18135
35.3628425598 3.5818209648 8.59932 12.83946
35.358757019 3.5842235088 8.639359 12.80981
35.3168754578 3.5875160694 8.679402 12.8076
35.3171157837 3.5872809887 8.719508 12.8074
35.317150116 3.5874216557 8.759602 12.80739
35.317150116 3.5874216557 8.799619 12.80738
35.3170433044 3.5880055428 8.839728 12.80738
35.3170318604 3.5879333019 8.873612 14.92274
35.3170318604 3.5879333019 8.903534 15.83548
35.3170585632 3.5879666805 8.943577 15.96275
35.3170585632 3.5879666805 8.983664 15.97286
35.3170013428 3.5879232883 9.023728 15.97372
35.3170051575 3.5879375935 9.035103 15.97374
38.4012756348 22.4313831329 6.207238 30.96498
38.3976860046 22.4293270111 6.247292 30.97834
38.3933601379 22.4268169403 6.287304 30.97943
38.391494751 22.4250335693 6.327315 30.97952
38.3933563232 22.4245376587 6.367404 30.97952
38.3940849304 22.4220561981 6.407441 30.97953
38.39818573 22.4215583801 6.447552 30.97953
38.4024391174 22.4222431183 6.487684 30.97954
38.4020347595 22.4191532135 6.527784 18.91312
38.3979682922 22.4184398651 6.567801 17.25829
38.3944320679 22.4173183441 6.607869 17.13408
38.3961601257 22.4157905579 6.647931 17.12401
38.3975448608 22.4145450592 6.687937 17.12321
38.3984069824 22.4132099152 6.728015 18.64954
38.4021682739 22.4146575928 6.768122 18.84813
38.4047622681 22.4121932983 6.808169 18.86335
38.4082870483 22.4128684998 6.84829 18.8646
38.41223526 22.4138889313 6.888387 18.86469
38.415512085 22.416519165 6.928389 8.866732
38.4120788574 22.4185180664 6.968431 5.006589
38.4140281677 22.4226150513 7.008508 4.762608
38.4121551514 22.4266643524 7.048585 4.743321
38.4094924927 22.4302062988 7.088602 4.741884
38.4061660767 22.4294509888 7.128681 4.741755
38.4030532837 22.4274578094 7.168818 4.741743
38.4008636475 22.4295272827 7.208923 4.741741
38.4012451172 22.4307193756 7.24894 4.741742
38.4015312195 22.4308795929 7.285694 4.741742
