Day: 153
38.3753967285 22.4045124054 6.121188 17.67608
38.3781204224 22.402048111 6.161319 17.6761
38.3807754517 22.3986797333 6.201404 17.6761
38.3833389282 22.3951854706 6.241519 17.67612
38.3862037659 22.394153595 6.281526 17.67612
38.3851280212 22.3936786652 6.321571 17.67612
38.3868522644 22.3898963928 6.361653 28.66486
38.3870849609 22.3882675171 6.401675 29.78171
38.3901939392 22.3861236572 6.441759 29.87537
38.39112854 22.3841667175 6.481887 29.88365
38.3880004883 22.3834590912 6.522011 29.8842
38.385307312 22.3864784241 6.562057 29.88426
38.3820533752 22.3878116608 6.602164 29.88427
38.3779220581 22.3863925934 6.642213 29.88428
38.3744468689 22.3890304565 6.682219 29.88427
38.3708953857 22.391620636 6.722229 29.88428
38.3682556152 22.3951339722 6.762314 29.88427
38.3656082153 22.3980712891 6.802352 29.88428
38.3638038635 22.4015617371 6.842431 29.88428
38.3649787903 22.4056243896 6.882538 29.88429
38.3684577942 22.4081668854 6.922614 30.14601
38.3726730347 22.4076747894 6.962612 33.60789
38.3753890991 22.4047966003 6.998154 33.87134
