38.3906021118 22.4462184906 11.36466 85.63428
38.388759613 22.4454574585 11.40474 82.57324
38.3873748779 22.4429969788 11.44486 82.32955
38.3864212036 22.4406108856 11.48494 82.31011
38.382194519 22.4410457611 11.52499 82.30848
38.3782081604 22.4394721985 11.56506 82.30836
38.3753814697 22.4362125397 11.6052 82.30834
38.3725204468 22.4329223633 11.64526 82.30834
38.3695220947 22.4296741486 11.68538 82.30834
38.367149353 22.4262466431 11.72538 89.27205
38.3651657104 22.4228038788 11.76541 95.54128
38.3654823303 22.4188575745 11.80551 96.21895
38.3649215698 22.4163398743 11.84556 96.2897
38.3667640686 22.4129295349 11.88557 96.29427
38.3692207336 22.4104251862 11.92561 96.29462
38.3724822998 22.4118652344 11.9657 96.29464
38.3717002869 22.4146499634 12.00585 96.29465
38.3734855652 22.4165821075 12.04597 96.29465
38.3736076355 22.4190597534 12.08606 96.29465
38.3739700317 22.4224529266 12.12616 96.29465
38.3756446838 22.4258480072 12.1663 88.90714
38.3792762756 22.4283008575 12.20638 85.84309
38.3836326599 22.4288234711 12.24645 85.66138
38.3872184753 22.4309158325 12.28646 85.64638
38.3898468018 22.4343757629 12.32658 85.64533
38.3905906677 22.4379196167 12.3667 90.18917
38.388507843 22.4405574799 12.40677 96.617
38.3906784058 22.4439182281 12.44679 97.24776
38.3911018372 22.4454059601 12.48261 97.29874
