38.4569702148 22.4282226562 13.18173 14.06673
38.457195282 22.4318637848 13.22184 14.07477
38.4610443115 22.4327392578 13.26187 14.07555
38.4640808105 22.4341449738 13.30197 14.0756
38.4631614685 22.43683815 13.34199 14.0756
38.4652633667 22.4390888214 13.38211 14.0756
38.467212677 22.44140625 13.42215 14.0756
38.4690589905 22.4400672913 13.46226 14.0756
38.4679794312 22.43592453 13.50236 14.07561
38.4668083191 22.432094574 13.54249 14.0756
38.4656524658 22.4279384613 13.58259 10.40713
38.4653167725 22.4247264862 13.62259 9.142279
38.4672775269 22.4238052368 13.66271 9.059772
38.4643211365 22.4235458374 13.70286 9.0525
38.4648628235 22.4205265045 13.74296 9.051943
38.4658622742 22.4164733887 13.783 9.051897
38.4684295654 22.4131622314 13.82304 9.051891
38.4692726135 22.4091014862 13.86304 4.33097
38.466758728 22.4054546356 13.90313 3.676331
38.4630432129 22.4036045074 13.9432 3.62165
38.459602356 22.4046039581 13.9833 3.617612
38.45728302 22.4081535339 14.02341 3.617287
38.4542922974 22.4113101959 14.06354 3.617257
38.4530563354 22.4154014587 14.10364 3.617255
38.454284668 22.4162826538 14.14367 3.617256
38.4573059082 22.4189548492 14.18369 358.2763
38.4558982849 22.4223461151 14.22383 357.5397
38.4575271606 22.4249591827 14.26387 357.4829
38.4570121765 22.4292831421 14.30386 357.4776
