Day: 104
30.81431 -4.50174
30.81556 -4.50431
30.81806 -4.50652
30.81983 -4.5057
30.82114 -4.50357
30.82348 -4.50098
30.82505 -4.49759
30.82647 -4.49558
30.82754 -4.49263
30.82957 -4.48987
30.82872 -4.48593
30.8276 -4.48187
30.82864 -4.47824
30.82668 -4.47455
30.82494 -4.47349
30.82297 -4.47143
30.81894 -4.47147
30.81579 -4.4736
30.81339 -4.47704
30.81105 -4.4791
30.80888 -4.48228
30.80757 -4.48614
30.80644 -4.49014
30.8068 -4.4933
30.81001 -4.49386
30.81273 -4.49587
30.81368 -4.49961
30.8148 -4.50363
30.81684 -4.50535
