31.06192 -4.87359
31.05859 -4.87499
31.05592 -4.87533
31.05403 -4.87488
31.05136 -4.87691
31.04808 -4.88038
31.0449 -4.88353
31.04099 -4.88568
31.03775 -4.88849
31.03325 -4.89035
31.02896 -4.89135
31.02795 -4.89478
31.02864 -4.89909
31.03064 -4.90267
31.03364 -4.90595
31.03727 -4.90925
31.04138 -4.91212
31.04574 -4.91388
31.05068 -4.91305
31.05562 -4.91223
31.06055 -4.91141
31.06554 -4.91093
31.07055 -4.9108
31.07542 -4.90971
31.08013 -4.9082
31.08471 -4.90659
31.08882 -4.90413
31.08938 -4.90067
31.09086 -4.89798
31.08924 -4.89448
31.08626 -4.89303
31.08564 -4.8893
31.08213 -4.88683
31.07904 -4.88387
31.078 -4.88062
31.07612 -4.8775
31.07424 -4.87476
31.07065 -4.87392
31.06659 -4.87224
