31.13602 -4.90011
31.13822 -4.90341
31.1392 -4.90729
31.14271 -4.9104
31.14653 -4.91317
31.14948 -4.91719
31.15235 -4.92126
31.15351 -4.92585
31.15576 -4.92486
31.15983 -4.922
31.16461 -4.9208
31.16932 -4.91931
31.17296 -4.9159
31.17715 -4.91316
31.18084 -4.90994
31.18274 -4.9055
31.18454 -4.90085
31.18633 -4.89622
31.18456 -4.89164
31.1824 -4.88837
31.18074 -4.88388
31.17864 -4.87933
31.1789 -4.87439
31.17678 -4.87004
31.17582 -4.86529
31.17556 -4.86029
31.175 -4.85532
31.17424 -4.85038
31.17322 -4.84549
31.17144 -4.84082
31.16964 -4.83614
31.16757 -4.83161
31.16479 -4.82745
31.16163 -4.82356
31.15913 -4.82131
31.15884 -4.82064
31.15818 -4.81909
31.15611 -4.81986
31.15354 -4.8219
31.14942 -4.82345
31.1454 -4.82636
31.14069 -4.82676
31.13891 -4.82845
31.13749 -4.83221
31.13314 -4.83316
31.12894 -4.8347
31.12896 -4.83022
31.12866 -4.82588
31.12618 -4.82209
31.12481 -4.81756
31.12597 -4.81285
31.12961 -4.80953
31.12556 -4.80861
31.12248 -4.81014
31.11777 -4.80914
31.11313 -4.81065
31.10962 -4.8114
31.10714 -4.81158
31.10467 -4.81176
31.10158 -4.81421
31.09832 -4.81713
31.0944 -4.82006
31.09161 -4.82422
31.09044 -4.82786
31.09462 -4.83026
31.09643 -4.83378
31.09925 -4.83728
31.10159 -4.84097
31.10355 -4.84217
