Day: 255
32.7691001892 -6.4657511711 15.89407 39.9692
32.7685165405 -6.4650220871 15.93425 39.9692
32.7688903809 -6.4640140533 15.97434 39.9692
32.7702064514 -6.4623823166 16.01452 39.89886
32.769317627 -6.4603900909 16.05472 35.89173
32.770450592 -6.461165905 16.09483 35.49563
32.7724456787 -6.4618186951 16.13492 35.46987
32.7742424011 -6.461643219 16.17502 35.46753
32.77368927 -6.4599876404 16.21523 31.33588
32.7731819153 -6.4587130547 16.25533 27.73382
32.7742347717 -6.4585895538 16.29544 27.3664
32.7735710144 -6.4591393471 16.33563 27.33429
32.7743530273 -6.4599895477 16.37564 27.33216
32.7758712769 -6.4604406357 16.41568 31.61791
32.7767066956 -6.4623041153 16.45585 35.52843
32.7747421265 -6.4621272087 16.49588 35.90966
32.7728996277 -6.4625740051 16.53595 35.93781
32.7714157104 -6.4627418518 16.57611 35.94022
32.7712478638 -6.4636926651 16.61615 37.64029
32.771987915 -6.4648017883 16.6563 39.80512
32.7705383301 -6.4647908211 16.69651 39.95028
32.769405365 -6.4656291008 16.7366 39.96309
32.7694091797 -6.4657659531 16.76471 39.964
