32.7694969177 -6.465031147 17.32348 49.49969
32.77110672 -6.466811657 17.36357 49.49969
32.772731781 -6.467669487 17.40364 49.4997
32.7742652893 -6.4664745331 17.44381 49.49969
32.7754096985 -6.4649186134 17.48397 49.4997
32.7768440247 -6.4640245438 17.52408 49.4997
32.7769775391 -6.4628171921 17.56419 49.49969
32.7785568237 -6.4621329308 17.60432 41.86922
32.7776145935 -6.4604420662 17.64451 40.39125
32.7772293091 -6.4583058357 17.68464 40.27197
32.7774772644 -6.4571528435 17.72466 40.26166
32.7783164978 -6.4559140205 17.76483 40.26086
32.7765617371 -6.4553933144 17.8049 40.26079
32.776134491 -6.4538493156 17.84506 40.26078
32.7743797302 -6.4537100792 17.88508 40.26079
32.7749938965 -6.452381134 17.9252 40.26077
32.7730026245 -6.4521226883 17.96535 40.26078
32.7710113525 -6.4516134262 18.00542 40.26078
32.7693138123 -6.4526133537 18.04556 40.26078
32.7684822083 -6.4543652534 18.08558 40.26077
32.7692108154 -6.4563584328 18.12564 40.26078
32.7708930969 -6.4572172165 18.1657 40.26078
32.7728309631 -6.4563808441 18.20583 42.17816
32.7733421326 -6.4583077431 18.24588 48.3093
32.7736129761 -6.4596266747 18.28608 48.84945
32.7744369507 -6.4613003731 18.3262 48.89521
32.7728691101 -6.4609613419 18.36626 48.89914
32.7713623047 -6.4613175392 18.40628 48.89943
32.7698326111 -6.4599337578 18.4463 48.89946
32.7687759399 -6.4583983421 18.48637 42.07309
32.767993927 -6.4573078156 18.52644 40.20094
32.7663993835 -6.4588036537 18.56651 40.00743
32.7649421692 -6.4592347145 18.60655 39.99322
32.7650985718 -6.4576249123 18.64659 39.99212
32.7634735107 -6.4574446678 18.6866 39.99206
32.7627830505 -6.4577465057 18.7268 39.99205
32.7619285583 -6.4566369057 18.76684 39.99204
32.7617874146 -6.4585237503 18.80702 39.99205
32.7629013062 -6.4602293968 18.84706 36.88564
32.7644309998 -6.461523056 18.88714 36.34837
32.7655143738 -6.4633255005 18.9272 36.30216
32.7639389038 -6.4641885757 18.96735 36.29884
32.762008667 -6.4647817612 19.00742 36.29853
32.760181427 -6.4653391838 19.04752 36.2985
32.7613182068 -6.4667673111 19.08769 36.29849
32.7633705139 -6.4661288261 19.12772 36.29851
32.7655181885 -6.466050148 19.16791 36.6142
32.7674407959 -6.4657597542 19.20792 37.41563
32.7690238953 -6.4649429321 19.24799 37.48079
32.7690238953 -6.4649429321 19.25676 37.48326
