33.035243988 -4.5406470299 11.94017 112.8474
33.0340919495 -4.5414338112 11.98043 112.8474
33.0326385498 -4.5430483818 12.0205 112.8474
33.0318374634 -4.5441966057 12.06081 112.8474
33.0310440063 -4.5463552475 12.101 112.8474
33.0319824219 -4.5479984283 12.14131 108.742
33.0333557129 -4.5497689247 12.18143 104.0532
33.0349884033 -4.5507674217 12.22151 103.6457
33.0362930298 -4.5500102043 12.26167 103.6147
33.0364532471 -4.5477180481 12.30188 103.6122
33.0379371643 -4.5455312729 12.34218 103.6121
33.0383834839 -4.5439124107 12.38241 103.6121
33.0377655029 -4.5419521332 12.42258 103.612
33.0367622375 -4.5399160385 12.46268 103.6121
33.035320282 -4.5406308174 12.50293 103.612
33.0353126526 -4.5406351089 12.52795 103.6121
