33.0275382996 -4.5346703529 12.99352 35.16214
33.0261802673 -4.5349798203 13.03379 35.84501
33.0248832703 -4.5359997749 13.07383 35.90596
33.0241508484 -4.5377345085 13.11407 35.91063
33.0241775513 -4.5385212898 13.15418 35.911
33.0255584717 -4.5378394127 13.19427 35.91102
33.0264778137 -4.5371584892 13.23421 36.08501
33.0270462036 -4.5363965034 13.27416 36.65769
33.0273704529 -4.5349807739 13.31459 36.70456
33.0272674561 -4.534573555 13.3547 36.70821
33.0272674561 -4.534573555 13.3603 36.70832
