33.0654144287 -4.4998598099 8.462073 78.02104
33.0633773804 -4.5005583763 8.502265 78.02104
33.0617637634 -4.5002861023 8.542583 78.02104
33.0604629517 -4.5019316673 8.58288 78.02105
33.0602836609 -4.5040640831 8.623001 78.02105
33.0616378784 -4.5063467026 8.663189 78.02104
33.0611801147 -4.5081048012 8.703307 78.02105
33.0592803955 -4.5070123672 8.743477 78.02104
33.0581626892 -4.5047836304 8.783546 78.02104
33.057384491 -4.502661705 8.823644 82.72031
33.05727005 -4.5001192093 8.86383 83.63334
33.0592956543 -4.4986610413 8.904158 83.70374
33.0599250793 -4.4963827133 8.944206 83.70961
33.061000824 -4.4947371483 8.984318 83.71008
33.0623054504 -4.4935894012 9.024467 83.71012
33.0637741089 -4.4923219681 9.064574 85.91074
33.0657348633 -4.4918050766 9.104725 86.41151
33.0683441162 -4.4922399521 9.144921 86.45113
33.0703353882 -4.4939842224 9.185129 86.45385
33.0718460083 -4.4961957932 9.225398 86.45408
33.0736198425 -4.4981851578 9.26549 86.4541
33.0759010315 -4.5018811226 9.305725 86.4541
33.0777740479 -4.5040364265 9.345992 86.4541
33.0806808472 -4.5072979927 9.386261 86.4541
33.0831031799 -4.5109109879 9.426376 86.4541
33.084777832 -4.5151844025 9.466625 88.45286
33.0852203369 -4.5183529854 9.506893 94.98322
33.0852775574 -4.5206561089 9.54713 95.47209
33.0845832825 -4.5237760544 9.587416 95.5052
33.082736969 -4.5278344154 9.627472 95.50764
33.0818099976 -4.5297293663 9.667656 95.50784
33.0792121887 -4.531580925 9.70791 95.50786
33.0761070251 -4.5324201584 9.747988 95.50786
33.0734596252 -4.5330677032 9.788116 95.50787
33.0697097778 -4.5335497856 9.826662 95.50786
33.0655021667 -4.5340509415 9.866738 95.50787
33.0612792969 -4.5339808464 9.906881 94.07566
33.0570106506 -4.5331373215 9.947118 93.8516
33.0535888672 -4.5335078239 9.987218 93.83121
33.0521659851 -4.532746315 10.02727 93.82957
33.051612854 -4.5320558548 10.06735 93.82944
33.0492401123 -4.5310077667 10.10765 93.82944
33.0468673706 -4.5298657417 10.14771 93.82944
33.0453147888 -4.5277085304 10.18782 93.82944
33.0440864563 -4.5253386497 10.22795 93.82944
33.0429039001 -4.5229372978 10.2683 100.6417
33.0413627625 -4.5188536644 10.30838 101.4616
33.0411300659 -4.5163226128 10.3485 101.5245
33.041015625 -4.5136666298 10.38859 101.5294
33.0406608582 -4.5110273361 10.42873 101.5298
33.039390564 -4.5086803436 10.46885 101.5299
33.0388336182 -4.5061039925 10.50903 101.5299
33.0368309021 -4.5053009987 10.54934 101.5299
33.0354614258 -4.5074653625 10.5895 101.5299
33.0351638794 -4.5096826553 10.62956 101.5299
33.0336341858 -4.5118732452 10.66974 101.5299
33.0322799683 -4.5141444206 10.7099 109.6706
33.0319290161 -4.5161690712 10.75015 110.5281
33.0316314697 -4.5183887482 10.79034 110.6018
33.0328407288 -4.5206980705 10.83045 110.6076
33.0343704224 -4.5225272179 10.87055 110.608
33.0358123779 -4.5243878365 10.91065 110.6081
33.0373077393 -4.5265860558 10.95074 110.6081
33.0384635925 -4.5289874077 10.99084 110.6081
33.0394363403 -4.5314736366 11.03104 110.6081
33.03956604 -4.5339789391 11.07132 110.6081
33.0405883789 -4.5362901688 11.11144 110.6081
33.0413627625 -4.5387330055 11.15169 105.8102
33.0412902832 -4.541282177 11.19188 103.0716
33.040512085 -4.544260025 11.23219 102.9014
33.0401039124 -4.5474290848 11.27249 102.8852
33.0392570496 -4.5494275093 11.31271 102.884
33.0381240845 -4.5504422188 11.35286 102.8839
33.0370788574 -4.5526394844 11.39316 102.8839
33.0357971191 -4.5544710159 11.43344 102.8839
33.0343933105 -4.5561642647 11.47356 101.8473
33.035118103 -4.5580878258 11.51371 101.4511
33.0374526978 -4.559252739 11.55398 101.4165
33.0397796631 -4.5592970848 11.59417 101.4136
33.042137146 -4.5586876869 11.63428 101.4134
33.0436096191 -4.5568509102 11.67458 101.4134
33.046131134 -4.5565462112 11.71464 101.4134
33.049369812 -4.5568003654 11.75501 101.4134
33.0521888733 -4.5566859245 11.7953 101.4134
33.0569725037 -4.5571489334 11.83546 104.2645
33.0617294312 -4.5578250885 11.87554 105.3625
33.0647239685 -4.55778265 11.91579 105.4648
33.0676078796 -4.5575127602 11.95601 105.4723
33.0724029541 -4.5573029518 11.99606 105.4729
33.0772018433 -4.5574636459 12.0362 105.4729
33.0810699463 -4.556666851 12.07645 105.4729
33.0834388733 -4.5562520027 12.11664 105.4729
33.0853767395 -4.5555553436 12.15691 105.4729
33.0876121521 -4.5545582771 12.19709 109.8645
33.0910415649 -4.5535969734 12.23721 110.6135
33.0945053101 -4.552066803 12.27739 110.6665
33.0982933044 -4.5494885445 12.31754 110.671
33.1015396118 -4.5463047028 12.35767 110.6713
33.1035842896 -4.5432677269 12.39775 112.2636
33.1060028076 -4.5395417213 12.43787 118.6784
33.1081161499 -4.5361442566 12.47812 119.1922
33.1097793579 -4.5321345329 12.51826 119.2331
33.1099891663 -4.5280585289 12.55836 119.2363
33.1105918884 -4.5244054794 12.59849 119.2365
33.1115150452 -4.5202507973 12.63865 119.2365
33.1102638245 -4.5157723427 12.6788 119.2365
33.1083564758 -4.5113825798 12.71895 119.2365
33.107585907 -4.5072960854 12.75912 116.4783
33.1078796387 -4.5024790764 12.79939 116.1511
33.1081008911 -4.4978175163 12.83954 116.1242
33.1094245911 -4.4932003021 12.87963 116.1222
33.1101570129 -4.4902129173 12.91971 116.122
33.1102333069 -4.4893498421 12.95988 116.122
33.1108360291 -4.4876847267 13.00014 116.122
33.1104888916 -4.4850850105 13.04032 116.122
33.1091384888 -4.4830069542 13.08053 116.122
33.1069107056 -4.4820127487 13.12064 116.122
33.1048240662 -4.4804491997 13.16082 120.9534
33.1027030945 -4.4788393974 13.20096 124.1589
33.1017379761 -4.4774365425 13.24116 124.4228
33.1019287109 -4.4780526161 13.28141 124.4438
33.103717804 -4.4771065712 13.3217 124.4452
33.1056022644 -4.4766287804 13.36189 124.4453
33.1078948975 -4.4760918617 13.40215 124.4453
33.1101608276 -4.4755220413 13.4423 124.4453
33.1119308472 -4.4746341705 13.48252 124.4453
33.1116867065 -4.4727568626 13.52269 124.2913
33.1103858948 -4.4709057808 13.56285 124.2471
33.1084747314 -4.4698829651 13.60304 124.243
33.1062240601 -4.4691548347 13.64318 124.2426
33.1037864685 -4.4685096741 13.68338 124.2426
33.1011543274 -4.4680509567 13.72363 124.2426
33.0987701416 -4.4680166245 13.76373 124.2426
33.0965881348 -4.4680747986 13.80403 124.2426
33.0939178467 -4.4679355621 13.84426 124.2426
33.0916671753 -4.4683966637 13.88437 124.0605
33.0890274048 -4.4684553146 13.92463 124.0448
33.0869407654 -4.468626976 13.96495 124.0436
33.0843353271 -4.4680476189 14.00507 124.0436
33.0820617676 -4.4679603577 14.04531 124.0436
33.0797462463 -4.4677414894 14.08573 124.0436
33.0759773254 -4.4671754837 14.12582 124.0436
33.0729217529 -4.466837883 14.16604 124.0436
33.0695228577 -4.4663710594 14.20615 124.0436
33.066204071 -4.4661850929 14.24623 124.0436
33.0625495911 -4.4666638374 14.28631 124.0436
33.059261322 -4.4675850868 14.32647 124.7464
33.0562133789 -4.469285965 14.36659 129.0735
33.0530700684 -4.4712495804 14.40678 129.3906
33.0507659912 -4.4728469849 14.44697 129.4196
33.0480918884 -4.473795414 14.48703 129.422
33.0445747375 -4.4738559723 14.52719 129.4222
33.041519165 -4.4739079475 14.5673 129.4222
33.0379867554 -4.4735403061 14.60753 129.4222
33.035282135 -4.4745759964 14.64768 129.4222
33.031993866 -4.4763469696 14.68796 129.4222
33.0297622681 -4.47915411 14.72811 130.021
33.0281219482 -4.4819073677 14.76827 131.8973
33.026222229 -4.4843263626 14.80839 132.0537
33.0236778259 -4.4865202904 14.84858 132.0663
33.0212059021 -4.488307476 14.88873 132.0673
33.0182723999 -4.4905033112 14.92903 132.0674
33.0159378052 -4.4931869507 14.96929 132.0674
33.0140419006 -4.4954338074 15.00938 132.0674
33.0111923218 -4.4980168343 15.04955 132.0674
33.0097808838 -4.5012364388 15.08972 132.0674
33.009475708 -4.5049004555 15.13 129.2595
33.0101585388 -4.5079960823 15.17026 124.3437
33.0103263855 -4.5118875504 15.21052 123.9689
33.0105476379 -4.5156950951 15.25063 123.937
33.0106658936 -4.5190167427 15.29078 123.9348
33.0100097656 -4.5218663216 15.33106 123.9346
33.0089950562 -4.5254530907 15.37135 123.9345
33.0096588135 -4.5292220116 15.41164 123.9345
33.0117759705 -4.531744957 15.45169 123.9345
33.013759613 -4.5337820053 15.49193 123.486
33.0127372742 -4.5369858742 15.5321 120.8271
33.012298584 -4.540333271 15.57225 120.6102
33.0135765076 -4.5437307358 15.61252 120.5922
33.0157966614 -4.5462946892 15.65293 120.591
33.0182342529 -4.5448508263 15.69315 120.5908
33.0193977356 -4.541428566 15.73329 120.5908
33.0203971863 -4.538611412 15.77354 120.5908
33.021697998 -4.5363526344 15.81377 120.5908
33.0229530334 -4.5346579552 15.85391 120.5908
33.0249214172 -4.5330786705 15.89402 120.5908
33.026889801 -4.5312652588 15.93421 120.5908
33.0287742615 -4.5296707153 15.97432 120.5908
33.029624939 -4.5271577835 16.01442 120.5908
33.0291976929 -4.5245943069 16.05463 120.5908
33.0285720825 -4.522254467 16.09474 120.5908
33.0278816223 -4.5199341774 16.13486 113.039
33.0273933411 -4.5173096657 16.17504 112.0989
33.0254821777 -4.5154938698 16.2152 112.0278
33.0250205994 -4.513261795 16.2555 112.0223
33.0254211426 -4.5106496811 16.29568 112.0219
33.0256156921 -4.5080761909 16.33598 112.0219
33.0250282288 -4.5057411194 16.37613 112.0219
33.024723053 -4.5032763481 16.41635 112.0219
33.0265197754 -4.5015277863 16.45643 112.0219
33.0284347534 -4.5013437271 16.49653 112.0218
33.0293693542 -4.5020956993 16.53683 112.0219
33.0279197693 -4.5036697388 16.57713 115.5262
33.0273590088 -4.5053930283 16.6174 120.9178
33.0287208557 -4.5044732094 16.65756 121.345
33.0295791626 -4.5029964447 16.69781 121.3814
33.0308303833 -4.5013599396 16.73788 121.3839
33.032661438 -4.4995155334 16.77798 121.3841
33.0344390869 -4.4984793663 16.81827 120.2174
33.0357398987 -4.4972224236 16.85832 118.2204
33.0377006531 -4.4970645905 16.89857 118.0381
33.0395889282 -4.4982471466 16.93866 118.0231
33.0409965515 -4.4999713898 16.97889 118.0219
33.0428123474 -4.5017485619 17.01725 118.0218
33.0439949036 -4.50400877 17.05747 118.0218
33.0449485779 -4.5064396858 17.09769 118.0218
33.0461349487 -4.5088367462 17.13792 118.0218
33.0470542908 -4.5113325119 17.17815 118.0218
33.048500061 -4.5134439468 17.21843 118.0218
33.0501937866 -4.5155138969 17.25867 118.0218
33.0517730713 -4.5176801682 17.29896 118.0218
33.0532722473 -4.5199012756 17.3392 114.729
33.054485321 -4.5222887993 17.37944 109.1618
33.0561904907 -4.5243420601 17.41969 108.691
33.0584106445 -4.5254950523 17.45977 108.6565
33.0609283447 -4.5263829231 17.49985 108.6533
33.0629463196 -4.5271945 17.54007 108.6531
33.0653610229 -4.5277986526 17.5802 108.653
33.0678215027 -4.5278816223 17.6203 108.653
33.0704994202 -4.5279054642 17.66052 108.653
33.0731811523 -4.5279393196 17.70077 108.653
33.0757141113 -4.5271692276 17.74108 108.653
33.0778923035 -4.5256171227 17.78135 108.653
33.0799789429 -4.5239415169 17.82154 108.653
33.0810623169 -4.5215277672 17.86167 108.653
33.0814743042 -4.5192074776 17.90178 108.653
33.0810050964 -4.5169258118 17.942 108.653
33.0802230835 -4.5139021873 17.98215 107.4156
33.0785560608 -4.5107350349 18.02244 107.097
33.0764961243 -4.5077619553 18.06273 107.075
33.074432373 -4.5051636696 18.10285 107.0734
33.0728149414 -4.5030636787 18.14293 107.0732
33.0711669922 -4.5009937286 18.18323 115.8137
33.0689735413 -4.4994916916 18.22332 116.3572
33.0665855408 -4.4997282028 18.26343 116.4018
33.0652809143 -4.4999432564 18.30358 116.4054
33.0652809143 -4.4999432564 18.31054 116.4055
