33.05701828 -4.5262041092 8.37481 108.7335
33.0557174683 -4.5246987343 8.414864 108.5239
33.0539932251 -4.523229599 8.45513 108.5095
33.0524787903 -4.5211853981 8.495367 108.5085
33.0514297485 -4.5190582275 8.535657 108.5084
33.050037384 -4.5168209076 8.575733 108.5083
33.0483818054 -4.5150380135 8.616003 108.5084
33.0466804504 -4.5137000084 8.656113 108.5084
33.0447654724 -4.513833046 8.696201 108.5084
33.0457229614 -4.5153684616 8.736473 108.5083
33.0462493896 -4.517428875 8.776634 108.5083
33.0464744568 -4.5198903084 8.816729 114.9037
33.0473632812 -4.5213046074 8.856952 117.5943
33.0487213135 -4.5224080086 8.89704 117.7993
33.0504837036 -4.5237617493 8.937214 117.816
33.0523147583 -4.5244808197 8.97735 117.8173
33.0546875 -4.5255813599 9.017643 117.8173
33.0564727783 -4.5265750885 9.057947 117.8173
33.057144165 -4.5260982513 9.098113 117.8174
33.0565567017 -4.5258350372 9.13159 117.8173
