33.0632553101 -4.499361515 7.558264 64.47372
33.0647621155 -4.4992480278 7.59831 64.48611
33.0666923523 -4.4991059303 7.638291 64.48698
33.0677833557 -4.4990468025 7.678343 64.48705
33.0675201416 -4.4993414879 7.718594 64.48705
33.0655174255 -4.4994688034 7.758668 64.48706
33.0655174255 -4.5007214546 7.798276 64.48706
33.0666809082 -4.5007443428 7.838303 64.48705
33.0666122437 -4.5023326874 7.877119 64.48705
33.0657844543 -4.5039906502 7.917322 66.89638
33.064289093 -4.5049066544 7.957299 67.12215
33.0631637573 -4.5045418739 7.997351 67.13768
33.0636177063 -4.5037646294 8.037273 67.13888
33.0638237 -4.5026683807 8.0772 67.13898
33.0648803711 -4.5013051033 8.117421 67.13899
33.065322876 -4.499765873 8.157368 67.13899
33.0644454956 -4.499546051 8.197549 74.76716
33.0632781982 -4.4996204376 8.2378 76.38012
33.0632629395 -4.4993267059 8.278098 76.49644
33.0632629395 -4.4993267059 8.29074 76.50298
