33.0326538086 -4.525411129 10.43224 111.7623
33.0321769714 -4.5268702507 10.47253 111.7623
33.0319671631 -4.5288829803 10.5128 117.0768
33.0311203003 -4.5307283401 10.55291 120.1639
33.0301818848 -4.5325393677 10.59315 120.4035
33.0294075012 -4.5344419479 10.63339 120.4247
33.0285644531 -4.5357308388 10.67363 120.4261
33.027671814 -4.537674427 10.71375 120.4262
33.0269470215 -4.5394854546 10.75396 120.4262
33.0246124268 -4.5405144691 10.79426 120.4262
33.0225524902 -4.5418715477 10.83457 120.4262
33.0216140747 -4.5439648628 10.87473 120.4262
33.0211601257 -4.5455431938 10.91489 120.4263
33.0207824707 -4.5464096069 10.95506 120.4262
33.0221099854 -4.5459733009 10.99522 120.4262
33.0238265991 -4.5454115868 11.03528 120.4262
33.0263595581 -4.544672966 11.07533 127.5322
33.0285415649 -4.5436811447 11.11539 129.5763
33.0299949646 -4.5434818268 11.15561 129.7715
33.0318908691 -4.5419273376 11.19582 129.7875
33.0334320068 -4.5397567749 11.23604 129.7885
33.033870697 -4.538476944 11.27613 129.7886
33.0356559753 -4.5367150307 11.31629 129.7886
33.0374183655 -4.5352430344 11.35654 129.7886
33.0372886658 -4.5352020264 11.39661 129.7886
33.0358047485 -4.5343236923 11.4367 129.7886
33.0356826782 -4.531648159 11.47697 126.0655
33.0351371765 -4.5290312767 11.51719 121.5393
33.0345535278 -4.5266156197 11.55679 121.1649
33.0330581665 -4.5253739357 11.59687 121.1334
33.0324440002 -4.5257744789 11.63709 121.1309
33.0324211121 -4.5258970261 11.66128 114.9375
