30.8958 -5.43068
30.8955 -5.42898
30.89658 -5.42558
30.89618 -5.4219
30.89646 -5.41815
30.89673 -5.41374
30.89476 -5.41041
30.89078 -5.40942
30.88681 -5.41085
30.88394 -5.41163
30.88026 -5.4113
30.87849 -5.4155
30.87611 -5.41868
30.87451 -5.42255
30.87222 -5.426
30.87348 -5.42955
30.87443 -5.43373
30.87562 -5.43782
30.87634 -5.44155
30.8726 -5.4442
30.87339 -5.44872
30.87777 -5.44982
30.88183 -5.45127
30.88551 -5.45376
30.88899 -5.45324
30.88802 -5.44944
30.8866 -5.44564
30.88746 -5.44079
30.88994 -5.43679
30.89258 -5.4339
