32.74818 -5.07628
32.75109 -5.0794
32.75411 -5.08326
32.75753 -5.08662
32.76146 -5.08498
32.76589 -5.08328
32.77 -5.0808
32.77028 -5.07621
32.76938 -5.07155
32.76837 -5.06741
32.77014 -5.06283
32.77447 -5.06094
32.77936 -5.06179
32.78302 -5.06483
32.78346 -5.06906
32.78406 -5.07354
32.78236 -5.07755
32.78017 -5.08124
32.77868 -5.08558
32.77812 -5.09005
32.77796 -5.09447
32.77874 -5.09854
32.7805 -5.10286
32.78103 -5.10695
32.78324 -5.11019
32.78238 -5.11254
32.77947 -5.11371
32.77569 -5.11311
32.77186 -5.11109
32.76731 -5.11111
32.76349 -5.11044
32.75924 -5.1096
32.75484 -5.10966
32.75143 -5.10965
32.7473 -5.10993
32.74381 -5.11247
32.73994 -5.11438
32.73557 -5.11428
32.73132 -5.11381
32.72695 -5.11378
32.72259 -5.11437
32.72034 -5.11283
32.71907 -5.1097
32.71754 -5.1061
32.7189 -5.10173
32.7211 -5.09818
32.72267 -5.09426
32.72522 -5.09069
32.7285 -5.08724
32.73123 -5.08361
32.73382 -5.0805
32.73456 -5.07754
32.7387 -5.07722
32.74269 -5.07581
32.74598 -5.07689
