30.7416286469 -5.0174570084 8.337551 62.34764
30.7417221069 -5.0176391602 8.377753 63.35445
30.7423686981 -5.0200734138 8.417907 64.09383
30.7427577972 -5.022295475 8.458143 64.16074
30.7415657043 -5.0240712166 8.498217 64.1661
30.7387561798 -5.026014328 8.538362 64.16645
30.7420139313 -5.0274248123 8.578496 64.16647
30.7450141907 -5.0308537483 8.618789 64.16648
30.746219635 -5.0345292091 8.659097 64.16647
30.7480621338 -5.0380945206 8.699511 60.42075
30.7509174347 -5.0415267944 8.739672 59.81725
30.7539196014 -5.044860363 8.779833 59.76545
30.7576313019 -5.0473518372 8.819893 59.76086
30.7615661621 -5.0496997833 8.860047 59.76055
30.7620201111 -5.0479364395 8.900322 59.76051
30.7633342743 -5.0470948219 8.940409 59.76051
30.7617149353 -5.0461325645 8.980465 59.76051
30.7597923279 -5.0447249413 9.020562 59.76051
30.7576007843 -5.0421738625 9.060844 59.76051
30.7590770721 -5.0387201309 9.101154 59.76051
30.7601032257 -5.0345163345 9.141459 59.76051
30.761013031 -5.0306191444 9.181524 59.7605
30.7580795288 -5.0273733139 9.221823 59.76051
30.7551555634 -5.0241670609 9.261993 59.7605
30.753162384 -5.0201115608 9.302155 65.0054
30.7556209564 -5.0169606209 9.342412 65.88844
30.7558326721 -5.012799263 9.382504 65.96905
30.7517185211 -5.0130772591 9.422781 65.97482
30.7482185364 -5.013563633 9.463087 65.9753
30.7454547882 -5.0132498741 9.503358 65.97533
30.7432155609 -5.0147099495 9.543529 65.97533
30.7423820496 -5.0161604881 9.583792 65.97534
30.7406845093 -5.0188879967 9.623974 65.97533
30.7420425415 -5.0195450783 9.664074 65.97533
30.7420425415 -5.0195450783 9.699923 65.97533
