30.7397212982 -5.0175247192 10.67419 56.58698
30.7398681641 -5.0155692101 10.71439 57.43918
30.7412395477 -5.0121369362 10.75458 57.5053
30.7444820404 -5.0119814873 10.79479 57.51081
30.746919632 -5.0119791031 10.83489 57.51125
30.7498474121 -5.0114407539 10.87516 57.51128
30.7537021637 -5.0094532967 10.9153 57.51128
30.7535629272 -5.0062651634 10.95548 57.51128
30.7529029846 -5.0029902458 10.99559 57.51128
30.7512321472 -4.9988021851 11.03566 57.51128
30.7480487823 -4.9962935448 11.07572 57.51128
30.7458057404 -4.9927411079 11.11598 57.51129
30.7421321869 -4.9927577972 11.15606 57.51129
30.7405548096 -4.9961810112 11.19615 62.9239
30.7387752533 -4.9997253418 11.23632 64.07059
30.7378501892 -5.0039873123 11.27663 64.15984
30.7380619049 -5.0083107948 11.31674 64.16668
30.7361011505 -5.010638237 11.35681 64.16723
30.7320976257 -5.0120043755 11.39705 64.16728
30.7311840057 -5.0146465302 11.43729 64.16727
30.7286739349 -5.0175127983 11.47759 64.16728
30.7269554138 -5.0184826851 11.51787 64.16727
30.7299404144 -5.0204715729 11.55794 64.16728
30.7301559448 -5.0234899521 11.59806 64.16728
30.7292919159 -5.0254740715 11.63833 64.16729
30.7331142426 -5.0237140656 11.67856 64.16729
30.7357292175 -5.0201268196 11.71888 64.16729
30.7389030457 -5.0180754662 11.75898 64.16728
30.7398986816 -5.0165758133 11.79909 67.78654
30.7398986816 -5.0165758133 11.83919 69.38818
30.7398986816 -5.0165758133 11.84857 69.44574
