30.7442703247 -5.0155882835 7.691652 61.41986
30.7443504333 -5.016099453 7.731671 61.41985
30.7447319031 -5.0186500549 7.771714 61.93398
30.7448062897 -5.018907547 7.811677 62.31395
30.7454681396 -5.020837307 7.851893 62.34479
30.7456150055 -5.0219163895 7.89195 62.34742
30.744260788 -5.0214090347 7.931942 62.34763
30.7424583435 -5.0198383331 7.972122 62.34764
30.7409229279 -5.0191450119 8.012315 62.34764
30.7409095764 -5.0179748535 8.052385 62.34764
30.7415657043 -5.0166573524 8.092701 62.34763
30.7425041199 -5.0160269737 8.132953 62.34764
30.742357254 -5.0175862312 8.173144 62.34763
30.7433433533 -5.01861763 8.213202 62.34763
30.7433433533 -5.01861763 8.243258 62.34764
