34.088924408 -4.1912732124 7.819597 16.29307
34.0875778198 -4.1912050247 7.859671 16.29337
34.0851249695 -4.1905646324 7.89984 11.3554
34.0824699402 -4.1907310486 7.939979 8.26314
34.0803527832 -4.1917829514 7.980069 8.004714
34.0782356262 -4.192232132 8.020181 7.984118
34.0762329102 -4.1905055046 8.060359 7.982213
34.0742073059 -4.1887979507 8.100539 7.982083
34.0717582703 -4.189201355 8.140718 7.982076
34.0716438293 -4.1917219162 8.180886 7.982077
34.0728187561 -4.1939668655 8.220897 5.143385
34.073425293 -4.1960778236 8.261077 4.332752
34.0735588074 -4.1987471581 8.301161 4.274841
34.0743598938 -4.2012777328 8.341262 4.270371
34.0754547119 -4.2034554482 8.38128 4.270029
34.0773162842 -4.2048826218 8.421431 4.269998
34.0797386169 -4.205915451 8.461439 4.269997
34.0821495056 -4.205868721 8.501454 4.269997
34.083820343 -4.2070608139 8.541575 4.269995
34.0857925415 -4.207362175 8.581609 4.269995
34.087978363 -4.2082133293 8.621724 4.269993
34.0902404785 -4.2091121674 8.661827 4.269996
34.0928382874 -4.2089328766 8.701958 4.269995
34.0942764282 -4.2068424225 8.742108 4.524054
34.094543457 -4.2042632103 8.782146 6.54477
34.0952644348 -4.2018866539 8.822198 6.778389
34.0970344543 -4.2001681328 8.862278 6.800272
34.0975990295 -4.1975893974 8.902423 6.801731
34.0971221924 -4.194978714 8.942526 9.170652
34.0955696106 -4.1928191185 8.982565 9.840619
34.0933685303 -4.191380024 9.022733 9.899346
34.090713501 -4.1913409233 9.062819 9.903442
34.0887031555 -4.1913132668 9.102945 9.903803
34.0887031555 -4.1913132668 9.11749 9.903827
