34.0906715393 -4.1915421486 10.4653 11.94579
34.0890388489 -4.191365242 10.50534 11.94579
34.0881576538 -4.192946434 10.54542 11.94579
34.0872001648 -4.1944236755 10.58543 11.94579
34.0869789124 -4.1958489418 10.62561 11.94578
34.0877494812 -4.1972336769 10.66575 11.94579
34.0883827209 -4.1957111359 10.70581 11.94579
34.0889129639 -4.1937785149 10.74598 11.94579
34.0896263123 -4.1913576126 10.786 11.94578
34.0886726379 -4.1911892891 10.82614 9.11787
34.0886726379 -4.1911892891 10.82773 8.636108
