28.1286563873 3.0316991806 15.974 332.9382
28.1307353973 3.0300571918 16.01409 332.9251
28.131778717 3.0269908905 16.05412 332.9241
28.1348724365 3.0267660618 16.09426 332.924
28.136882782 3.0233945847 16.13429 332.924
28.1391849518 3.0216836929 16.17444 326.8558
28.1416873932 3.0232121944 16.2145 322.5247
28.142457962 3.0250134468 16.25464 322.2361
28.1441497803 3.0254933834 16.29466 322.2146
28.1448020935 3.0270590782 16.33479 322.2129
28.1431312561 3.0290689468 16.37496 322.2127
28.141784668 3.02805686 16.41502 322.2127
28.1399612427 3.0300545692 16.45511 322.2127
28.1380729675 3.0321650505 16.49524 322.2127
28.1371154785 3.0346264839 16.5353 322.2127
28.13514328 3.0369217396 16.57541 325.5826
28.1324157715 3.0371601582 16.61557 326.8102
28.1297664642 3.037817955 16.65569 326.9029
28.1271286011 3.0365352631 16.69582 326.9105
28.1274719238 3.0344433784 16.73582 326.911
28.1285591125 3.0323693752 16.77592 326.9111
28.1286182404 3.0310745239 16.81601 326.9111
28.1293697357 3.0292339325 16.85604 326.9111
28.1293697357 3.0292339325 16.87992 326.9111
