28.1716651917 2.9651515484 12.62891 323.0771
28.1737670898 2.9650492668 12.66906 323.0771
28.1757392883 2.9669723511 12.70906 323.0771
28.1785373688 2.9687180519 12.74911 323.0771
28.1790237427 2.971493721 12.78913 323.0771
28.1789169312 2.9748370647 12.82914 323.0771
28.1765098572 2.9740655422 12.86927 323.3961
28.1734313965 2.9732239246 12.90934 323.5572
28.1715431213 2.9709198475 12.94939 323.5695
28.1712150574 2.9697625637 12.98945 323.5706
28.1706600189 2.9661939144 13.02951 323.5707
28.1728057861 2.9648571014 13.06956 323.5707
28.1752319336 2.9658787251 13.10959 323.5707
28.1752319336 2.9658787251 13.12246 323.5707
