28.2236385345 3.0112075806 13.19286 121.0048
28.2244319916 3.0087418556 13.2329 120.9838
28.2260570526 3.0058507919 13.27293 120.9821
28.2286605835 3.0059816837 13.31308 120.9819
28.231678009 3.0066876411 13.35316 129.0463
28.2298679352 3.0093772411 13.39317 138.8154
28.2295799255 3.0131032467 13.43327 139.6073
28.2285690308 3.0140008926 13.47341 139.6743
28.2256603241 3.0147297382 13.51346 139.681
28.2235164642 3.0123124123 13.55359 139.6814
28.2240467072 3.0085873604 13.59362 139.6814
28.2257022858 3.0050020218 13.63363 139.6814
28.2259922028 3.0037953854 13.67375 139.6814
28.2259922028 3.0037953854 13.6796 139.6814
