Day: 233
28.0820522308 3.1589393616 6.943438 147.5841
28.0801105499 3.1619944572 6.983469 147.5838
28.0773220062 3.1649432182 7.023511 147.5837
28.07579422 3.1686923504 7.063662 147.5837
28.0740737915 3.1717178822 7.103679 147.5837
28.0706329346 3.1743218899 7.143826 147.5837
28.0666160583 3.1732709408 7.183918 147.5837
28.0627231598 3.1714332104 7.223921 147.5837
28.0584716797 3.1706635952 7.263935 147.5837
28.0540485382 3.1699504852 7.304071 147.5837
28.0498485565 3.1684215069 7.344176 156.5182
28.0467262268 3.1655526161 7.384294 162.4295
28.0456905365 3.1615688801 7.424311 163.1192
28.0438289642 3.1575274467 7.464466 163.1774
28.0453720093 3.1533985138 7.504609 163.182
28.045665741 3.1489911079 7.54466 159.4283
28.046169281 3.1444685459 7.584819 151.6217
28.045923233 3.1401462555 7.624866 151.187
28.0443077087 3.1359596252 7.664912 151.1506
28.0422782898 3.1321530342 7.705019 151.1479
28.0398960114 3.1286053658 7.745186 151.1477
28.0365390778 3.1257603168 7.785193 151.1477
28.032125473 3.1259176731 7.825268 151.1477
28.0278072357 3.1266822815 7.865323 151.1477
28.0236530304 3.1282305717 7.905424 151.1477
28.0198040009 3.1290910244 7.945538 151.1477
28.0155353546 3.129535675 7.985639 151.1477
28.0113887787 3.1290645599 8.025698 151.1477
28.0089969635 3.1254239082 8.065726 151.1477
28.0086936951 3.1209797859 8.105861 154.9403
28.0092124939 3.1166217327 8.145947 164.8045
28.0052776337 3.1152341366 8.186028 166.1124
28.000837326 3.1152205467 8.226066 166.2223
27.9963569641 3.1151530743 8.266148 166.231
27.9931812286 3.1123976707 8.306203 166.2318
27.9902057648 3.1092250347 8.346207 166.2318
27.9883327484 3.1051838398 8.386294 166.2318
27.9882736206 3.1007311344 8.426319 166.2318
27.9900455475 3.0966398716 8.466357 166.2318
27.9903259277 3.0924305916 8.506377 166.2318
27.9881496429 3.0885782242 8.546383 166.2318
27.991268158 3.0853633881 8.586478 166.2318
27.9943237305 3.0821363926 8.626517 166.2318
27.9981307983 3.0798339844 8.666618 166.2318
28.0010757446 3.0766654015 8.706651 166.2318
28.0047626495 3.0745427608 8.746661 151.6049
28.004283905 3.0702328682 8.786708 147.2836
28.0048847198 3.0661585331 8.826726 146.9594
28.0067329407 3.0621993542 8.866769 146.933
28.0064620972 3.0577819347 8.906807 146.9307
28.0059509277 3.0535054207 8.946885 146.9305
28.0041313171 3.0494070053 8.986953 146.9304
28.0024337769 3.0452783108 9.027018 146.9304
28.0047054291 3.0414745808 9.067046 146.9304
28.0061969757 3.0373265743 9.107136 135.6582
28.0059261322 3.0329298973 9.147234 134.6216
28.0042076111 3.0291550159 9.187286 134.5347
28.001001358 3.0259263515 9.22729 134.5268
27.998260498 3.0221083164 9.267387 134.5263
27.9992828369 3.0179152489 9.307509 134.5262
27.999704361 3.0134646893 9.347626 134.5262
27.9990730286 3.0090634823 9.387633 134.5262
27.9987812042 3.0046308041 9.427734 134.5262
28.0007152557 3.0007688999 9.467826 134.5262
28.0019435883 2.9965951443 9.507913 134.5262
28.0047473907 2.9942948818 9.547992 128.4694
28.007850647 2.9934957027 9.588115 125.0552
28.0065460205 2.9895000458 9.628213 124.7977
28.009059906 2.9869601727 9.668329 124.774
28.0119457245 2.990142107 9.708408 124.7723
28.0152492523 2.9926698208 9.748441 124.7721
28.0168743134 2.9966874123 9.788557 124.7721
28.0194091797 3.000027895 9.828679 124.7721
28.0216560364 3.0036196709 9.86869 124.7721
28.0226669312 3.0079300404 9.908793 124.7721
28.023021698 3.0122866631 9.948862 124.7721
28.021856308 3.0166099072 9.988933 124.7721
28.0205345154 3.0208837986 10.02903 124.7721
28.0204925537 3.0250918865 10.0691 124.7722
28.0217189789 3.0293838978 10.10911 124.7721
28.0217876434 3.0337734222 10.14921 129.7208
28.0212364197 3.0379767418 10.18922 130.2458
28.0189971924 3.0417842865 10.22922 130.2839
28.0186672211 3.0459783077 10.26934 130.2866
28.0187702179 3.0503418446 10.30945 130.2868
28.0186004639 3.0547058582 10.34948 130.2868
28.0207099915 3.0584673882 10.38955 130.2868
28.0220794678 3.062656641 10.42964 130.2868
28.02135849 3.0663979053 10.46968 130.2868
28.0205097198 3.0706996918 10.50971 131.1036
28.0195770264 3.0750555992 10.54976 132.8573
28.0211772919 3.0790190697 10.5898 133.1286
28.0218811035 3.083293438 10.62987 133.1519
28.0222015381 3.0871655941 10.66988 133.1539
28.0246372223 3.0908892155 10.71 133.154
28.0271282196 3.0945928097 10.75006 130.7493
28.0293083191 3.098490715 10.79011 130.414
28.030878067 3.1025493145 10.83019 130.3893
28.0345954895 3.1047313213 10.87029 130.3871
28.0388965607 3.1055915356 10.91039 130.3869
28.0431632996 3.1066699028 10.95042 130.3869
28.0468940735 3.1086087227 10.99044 130.3869
28.0496520996 3.1121220589 11.03061 130.3869
28.0523223877 3.1154286861 11.07064 130.3869
28.0551643372 3.1186001301 11.11072 130.3869
28.0573158264 3.1218826771 11.15087 130.3869
28.0602245331 3.1251111031 11.19089 130.3869
28.0626544952 3.1288945675 11.23096 137.647
28.0660381317 3.1317601204 11.27098 141.9076
28.0673732758 3.1358997822 11.311 142.1216
28.0698661804 3.1390748024 11.35112 142.1418
28.0736732483 3.1413538456 11.39124 142.1433
28.0761051178 3.1448521614 11.43133 142.1434
28.0787944794 3.1476802826 11.47143 142.1434
28.0817012787 3.1509132385 11.51155 142.1434
28.0812206268 3.1542704105 11.55171 142.1475
28.0813732147 3.1555919647 11.58629 142.2992
