28.1239833832 3.1602756977 13.85457 74.14082
28.1246948242 3.163926363 13.89463 71.5965
28.1245765686 3.168150425 13.93473 71.39008
28.1220417023 3.1705553532 13.97484 71.37397
28.1183166504 3.1722290516 14.01488 71.37257
28.1151390076 3.1750085354 14.05503 71.37247
28.1126899719 3.1782283783 14.09515 71.37246
28.1105213165 3.17709589 14.13532 71.37246
28.1110458374 3.1732025146 14.17542 71.37246
28.1106452942 3.1687915325 14.21556 83.43636
28.1095943451 3.164555788 14.25562 85.063
28.1058063507 3.1623399258 14.29571 85.2005
28.1020545959 3.1599991322 14.33575 85.21117
28.1020412445 3.1555626392 14.3759 85.21194
28.1014499664 3.1511926651 14.41605 97.93208
28.1007766724 3.1467909813 14.45616 103.711
28.0986347198 3.1431665421 14.49623 104.1764
28.0942020416 3.1429800987 14.53624 104.2189
28.0902957916 3.1413078308 14.57631 104.2223
28.0865859985 3.1389138699 14.61638 104.2226
28.083650589 3.1357321739 14.6564 103.2755
28.0825138092 3.1326241493 14.69652 92.67066
28.0810222626 3.1289482117 14.73667 91.78681
28.0777835846 3.1262354851 14.77672 91.71792
28.0751476288 3.1233382225 14.81685 91.7123
28.074962616 3.1196084023 14.8569 91.71188
28.0734653473 3.1178264618 14.89699 91.71184
28.071308136 3.114991188 14.93706 91.71184
28.0700588226 3.1110780239 14.97718 91.71184
28.0700492859 3.1075029373 15.01732 91.71184
28.0693264008 3.1033940315 15.05737 91.71184
28.0685520172 3.0990607738 15.09757 91.71184
28.0680179596 3.0948965549 15.13764 91.71184
28.0679187775 3.0909686089 15.17774 97.24941
28.066783905 3.0872933865 15.21777 100.0891
28.0649547577 3.084102869 15.25788 100.2761
28.0634860992 3.0802965164 15.298 100.2925
28.0625953674 3.0765309334 15.33802 100.2939
28.0628547668 3.0729134083 15.37807 102.7027
28.0639266968 3.0690267086 15.41816 105.408
28.0662536621 3.0661959648 15.45823 105.5943
28.0701580048 3.0658733845 15.49835 105.6072
28.0732803345 3.0676264763 15.53846 105.6083
28.0766143799 3.0691685677 15.57856 105.6084
28.0795917511 3.071079731 15.6187 105.6084
28.0827121735 3.0728547573 15.65877 105.6084
28.0858860016 3.0755171776 15.69884 105.6084
28.0891914368 3.0783104897 15.73891 105.6084
28.0911769867 3.0814073086 15.77908 105.6084
28.0924129486 3.0846118927 15.81922 105.6084
28.0920524597 3.0883848667 15.85936 105.6084
28.0923442841 3.091864109 15.89953 104.9842
28.0945491791 3.0946993828 15.93954 90.13202
28.0981407166 3.0965631008 15.97971 88.70358
28.1009788513 3.0993363857 16.01972 88.5973
28.1043434143 3.1019887924 16.06 88.58988
28.1079769135 3.1044647694 16.10009 88.58925
28.1103878021 3.1077432632 16.14022 88.5892
28.1127891541 3.1113493443 16.18043 88.58919
28.1109924316 3.1144883633 16.22052 88.58919
28.108631134 3.1175861359 16.26059 88.58919
28.1085071564 3.1215186119 16.30073 88.58919
28.1074199677 3.1251018047 16.34088 88.01804
28.1077194214 3.1293570995 16.38095 85.30736
28.1090698242 3.1334331036 16.42097 85.04405
28.1113567352 3.1362609863 16.46112 85.02162
28.1134090424 3.1394672394 16.50123 85.01987
28.1154613495 3.1432774067 16.54143 85.01972
28.116558075 3.147462368 16.58154 85.01971
28.1192531586 3.1499230862 16.62158 85.01971
28.1217365265 3.1534643173 16.66163 85.01971
28.1232776642 3.157623291 16.7018 85.01971
28.1244564056 3.1618716717 16.74194 85.01971
28.124830246 3.163633585 16.78106 85.01971
