28.1326141357 3.1601200104 16.93517 85.01971
28.1339092255 3.1634619236 16.97529 92.00488
28.1364898682 3.1668176651 17.01537 94.40517
28.1375617981 3.1705675125 17.05545 94.54002
28.1398200989 3.1745193005 17.09562 94.55064
28.1417942047 3.1782591343 17.13572 94.55157
28.1428718567 3.1824676991 17.17575 78.93752
28.1436080933 3.1867487431 17.21584 75.37589
28.1444549561 3.1904623508 17.25597 75.13595
28.1466083527 3.1943027973 17.2961 75.11241
28.1482410431 3.1909868717 17.33612 75.11048
28.1496906281 3.187404871 17.37613 75.11033
28.15275383 3.1843714714 17.41618 75.11032
28.1540412903 3.1799805164 17.45638 75.11032
28.1553478241 3.1760807037 17.49655 75.05358
28.1572704315 3.1744320393 17.53631 74.61176
28.158531189 3.1725206375 17.57635 74.57096
28.1590633392 3.1700391769 17.61636 74.56782
28.1590442657 3.1681182384 17.65641 74.56755
28.1606349945 3.1667718887 17.69647 74.56752
28.1600799561 3.1647195816 17.73674 74.56753
28.1589241028 3.1631681919 17.7768 74.56753
28.157875061 3.1614360809 17.81705 74.56753
28.1557426453 3.1598987579 17.85714 74.56752
28.1535930634 3.1588764191 17.89731 74.56753
28.1518917084 3.1572954655 17.93747 74.56753
28.15001297 3.1562626362 17.97775 91.63778
28.1487007141 3.1553828716 18.01779 93.73185
28.147567749 3.1543467045 18.05792 93.88151
28.1463603973 3.1533403397 18.09802 93.89373
28.1457195282 3.1501686573 18.13819 93.89459
28.1436805725 3.1467072964 18.17832 93.89468
28.1429023743 3.1433150768 18.2184 93.89468
28.1430511475 3.1394817829 18.25847 93.89468
28.1423549652 3.1377398968 18.2986 93.89468
28.1397914886 3.1359767914 18.33874 93.89468
28.1367950439 3.1335253716 18.37878 93.89468
28.1346473694 3.1370952129 18.41882 93.89468
28.131061554 3.1387944221 18.4589 93.89468
28.1266841888 3.1383068562 18.49901 93.89468
28.124168396 3.1373815536 18.53911 97.86319
28.1232910156 3.1409218311 18.57919 99.02242
28.1265659332 3.1443300247 18.61936 99.11856
28.1286888123 3.1460306644 18.6595 99.12753
28.1305789948 3.1480367184 18.69965 98.68573
28.1312046051 3.1500031948 18.73976 96.81226
28.1325397491 3.1517837048 18.78004 96.66386
28.1341285706 3.1532371044 18.82006 96.64984
28.1352806091 3.1550352573 18.86014 96.64881
28.1347866058 3.1568984985 18.90028 96.64874
28.1339473724 3.1586949825 18.94027 96.64874
28.1325893402 3.1600112915 18.98029 96.64874
28.133392334 3.1620585918 19.02034 96.64874
28.1336555481 3.1625647545 19.04138 96.64874
