28.1884651184 3.16923666 9.908823 3.957622
28.1896591187 3.1657786369 9.948858 3.779545
28.1899852753 3.1614055634 9.988885 3.764223
28.1889228821 3.157150507 10.02897 3.762962
28.1883335114 3.1532623768 10.06904 3.76287
28.1876659393 3.1488623619 10.10911 3.762859
28.1871833801 3.1444249153 10.14927 3.76286
28.187078476 3.1404662132 10.18938 3.762858
28.1863613129 3.1360294819 10.22946 11.18218
28.1853370667 3.1323261261 10.26956 11.78372
28.1828804016 3.1319313049 10.30965 11.83121
28.1812019348 3.1358172894 10.34986 11.8355
28.1786384583 3.1393482685 10.38989 11.83584
28.1762294769 3.1428825855 10.42995 13.06962
28.174495697 3.1464817524 10.47 14.8812
28.1756629944 3.1499483585 10.51011 15.04438
28.1778202057 3.1538071632 10.55022 15.05566
28.1796531677 3.1578233242 10.59028 15.05663
28.1803894043 3.1621673107 10.63031 15.05671
28.181520462 3.1656763554 10.6704 15.05671
28.182888031 3.1699142456 10.71042 26.66827
28.1852550507 3.1706616879 10.75048 28.33276
28.1881809235 3.1698484421 10.79065 28.4626
28.1881809235 3.1698484421 10.80147 28.46931
