Day: 234
28.1343994141 3.1541790962 12.30762 74.71564
28.1342773438 3.1549007893 12.34773 74.71571
28.1329574585 3.157838583 12.38785 74.71572
28.1339416504 3.1564412117 12.42795 74.71573
28.1357078552 3.1560468674 12.46808 74.71573
28.1390552521 3.1581838131 12.50826 74.71572
28.1364994049 3.1619861126 12.54841 74.71573
28.1383991241 3.165528059 12.58843 74.71572
28.1424198151 3.1672110558 12.62854 74.71572
28.1456451416 3.1708042622 12.66866 88.2634
28.1493721008 3.171942234 12.70874 90.47471
28.1511592865 3.1761786938 12.74889 90.65118
28.1519966125 3.1723978519 12.78892 90.66664
28.1514205933 3.1674208641 12.82906 90.66789
28.15001297 3.1629402637 12.86923 90.66798
28.1490345001 3.1600654125 12.90932 90.66798
28.1455841064 3.1569497585 12.9494 90.66798
28.1470279694 3.155864954 12.9894 90.66798
28.1488723755 3.1549434662 13.02946 90.66798
28.1512260437 3.1569657326 13.06959 90.66798
28.1504001617 3.1560690403 13.10964 90.66798
28.1480865479 3.1534183025 13.14981 90.66798
28.1486186981 3.1545996666 13.18981 90.66798
28.1472854614 3.1538426876 13.23 90.66798
28.147518158 3.155184269 13.27 90.66798
28.1461544037 3.1543624401 13.31004 77.5939
28.1445331573 3.151740551 13.3501 74.59271
28.1424026489 3.1476404667 13.3901 74.33549
28.1377334595 3.148298502 13.43011 74.31186
28.1381702423 3.1512241364 13.4702 74.31036
28.1399269104 3.1558449268 13.51034 74.31025
28.1363201141 3.1558597088 13.55056 78.18153
28.1347961426 3.1542737484 13.59074 87.8537
28.1347961426 3.1542737484 13.60853 88.73688
