28.1531658173 3.1512539387 10.72146 45.61478
28.1516513824 3.1481792927 10.76159 45.57185
28.15076828 3.1445114613 10.80167 45.56857
28.1509742737 3.1405220032 10.84179 45.56831
28.1525840759 3.1365811825 10.88194 42.98212
28.1516971588 3.1325235367 10.92205 42.5213
28.1486778259 3.1295442581 10.96207 42.48781
28.1467399597 3.1257572174 11.00215 42.48486
28.1449661255 3.1250393391 11.04233 42.48463
28.1431217194 3.12657547 11.08243 42.48461
28.1439304352 3.1249701977 11.12256 42.48462
28.1462574005 3.1232931614 11.1626 42.48462
28.1463661194 3.1198885441 11.20277 42.48463
28.1465740204 3.1154739857 11.24282 42.48462
28.1432418823 3.1129760742 11.28294 55.35949
28.1409263611 3.1091244221 11.32295 57.95243
28.138885498 3.1058650017 11.36296 58.16365
28.1358985901 3.102991581 11.40311 58.18005
28.133562088 3.0993881226 11.44322 58.18159
28.1319446564 3.0952475071 11.48331 56.64076
28.1311244965 3.0909211636 11.52346 40.64577
28.1292743683 3.0872600079 11.56358 39.18777
28.1311569214 3.0834078789 11.6037 39.09364
28.1344070435 3.0811283588 11.64376 39.08648
28.1377391815 3.0785069466 11.68386 39.08581
28.1417884827 3.0771329403 11.724 39.08575
28.1461830139 3.0763289928 11.76405 39.08575
28.1500511169 3.0745038986 11.80407 39.08575
28.1535930634 3.0719573498 11.84412 37.93912
28.1568889618 3.0690321922 11.88419 21.61354
28.1603431702 3.066229105 11.92421 19.78233
28.163942337 3.0637533665 11.96437 19.62732
28.1681671143 3.0627400875 12.00449 19.61698
28.1708526611 3.0592496395 12.04457 19.61598
28.1734104156 3.0557296276 12.08466 19.61591
28.1753482819 3.052069664 12.12468 19.61591
28.1770629883 3.0484726429 12.1648 15.31152
28.1786670685 3.0444965363 12.20485 5.031624
28.1815357208 3.0413064957 12.24497 4.159254
28.1826133728 3.0370936394 12.2851 4.089725
28.1857089996 3.0343332291 12.32518 4.084429
28.1897983551 3.0326471329 12.3653 4.083946
28.1936397552 3.0304834843 12.40531 4.083903
28.196516037 3.0272538662 12.44533 4.0839
28.1983203888 3.0232682228 12.48538 4.0839
28.2006702423 3.0197706223 12.52541 4.083902
28.2041244507 3.0176563263 12.56541 4.083901
28.2080020905 3.0181083679 12.60553 2.091637
28.2095584869 3.0219743252 12.64561 1.595991
28.2092323303 3.0262658596 12.68571 1.559826
28.2082023621 3.0304281712 12.72577 1.556771
28.2078781128 3.0344419479 12.76578 1.556516
28.2071552277 3.0384809971 12.80586 1.556494
28.2065143585 3.0423254967 12.84592 1.556493
28.2046298981 3.0459582806 12.88602 1.556493
28.2025356293 3.0497422218 12.92615 1.556492
28.2005023956 3.0531606674 12.96618 1.651608
28.1980800629 3.0563929081 13.0063 2.30518
28.1958084106 3.0596573353 13.04636 2.350464
28.1939487457 3.0636575222 13.08648 2.354116
28.1929512024 3.0671727657 13.12654 2.354468
28.1907253265 3.0696315765 13.16669 2.354494
28.1880207062 3.0727005005 13.20681 2.354496
28.1896896362 3.0728878975 13.24687 2.354496
28.1910934448 3.0751273632 13.287 2.354496
28.1888446808 3.078861475 13.32709 2.354497
28.186958313 3.0826702118 13.3672 2.354497
28.185256958 3.0863831043 13.40733 2.354496
28.1829032898 3.0899498463 13.44738 2.354497
28.1809597015 3.0938341618 13.48741 2.354497
28.1786613464 3.09750247 13.52749 2.354496
28.1749992371 3.0997145176 13.56761 2.354496
28.1713142395 3.09918046 13.60765 358.0691
28.1680603027 3.1013734341 13.64777 356.4824
28.1651630402 3.1047329903 13.68794 356.3377
28.164276123 3.1089537144 13.72809 356.3262
28.1639728546 3.1133675575 13.76828 356.3253
28.1656074524 3.1175169945 13.8084 344.4071
28.1674575806 3.1203172207 13.84857 341.9957
28.1709365845 3.1226210594 13.88859 341.8235
28.1730079651 3.1263215542 13.92863 341.8099
28.171546936 3.1302964687 13.96871 341.8088
28.1693782806 3.1341073513 14.00886 341.8087
28.1669540405 3.1377055645 14.04898 341.8087
28.1665458679 3.1415035725 14.08904 341.8087
28.1662693024 3.1447672844 14.12916 341.8087
28.1669006348 3.1478888988 14.16926 341.8087
28.1659507751 3.1507089138 14.20935 341.8087
28.1634616852 3.1531598568 14.24949 350.1421
28.1610279083 3.1555278301 14.28954 351.2736
28.1592178345 3.1550981998 14.32966 351.3667
28.1570644379 3.1542737484 14.36983 351.3748
28.1545009613 3.1535508633 14.40984 351.3753
28.1524658203 3.1501197815 14.4499 351.3754
28.1523265839 3.1498515606 14.46873 351.3754
