28.130437851 3.1719245911 17.2997 108.2455
28.1316738129 3.1754472256 17.33988 108.2455
28.1313743591 3.1799874306 17.37993 108.2455
28.1309719086 3.1845231056 17.42004 108.2455
28.1280078888 3.1875092983 17.46011 108.2455
28.1234512329 3.1869521141 17.50025 108.2455
28.1223602295 3.1827750206 17.54025 108.2455
28.1237564087 3.1787145138 17.58041 108.2455
28.1253128052 3.1745464802 17.62059 108.2455
28.128036499 3.1718463898 17.66077 108.2455
28.1312332153 3.1724579334 17.70087 104.1495
28.1316738129 3.1731905937 17.72982 103.5218
