28.1639099121 3.157804966 14.65149 351.3754
28.1660938263 3.1548299789 14.6916 351.3754
28.167930603 3.1514201164 14.7317 351.3754
28.1700286865 3.1524920464 14.7717 6.360424
28.1704063416 3.1568832397 14.81177 10.57375
28.1707630157 3.1603701115 14.85193 10.8106
28.169506073 3.1636350155 14.89208 10.83281
28.169878006 3.165792942 14.93215 10.8348
28.1705932617 3.1676595211 14.97219 10.83493
28.1717338562 3.1692018509 15.0122 10.83494
28.1740760803 3.1709785461 15.05229 10.83494
28.175819397 3.1726067066 15.09241 10.83494
28.1762580872 3.1767795086 15.1325 10.83494
28.1756439209 3.1809794903 15.17258 10.83494
28.1773910522 3.1846396923 15.21263 10.83494
28.1794471741 3.1878201962 15.25268 10.83494
28.1821975708 3.1910521984 15.29274 10.83494
28.1837387085 3.1949000359 15.3328 12.90252
28.1852359772 3.1987974644 15.37289 15.72785
28.1887645721 3.2012548447 15.41292 15.96024
28.1932125092 3.2014739513 15.45303 15.97916
28.1973628998 3.201816082 15.49305 15.98065
28.1996383667 3.2052559853 15.53307 15.98077
28.2025871277 3.2079896927 15.57311 15.98078
28.2059383392 3.2105762959 15.61322 15.98077
28.2088680267 3.2138617039 15.65334 15.98077
28.2104625702 3.2178697586 15.69342 15.98077
28.2101325989 3.22230196 15.73351 32.29152
28.2103042603 3.2266964912 15.7736 35.13609
28.2087154388 3.2304487228 15.81364 35.39349
28.2070350647 3.2345211506 15.85368 35.4148
28.2068538666 3.2388710976 15.89376 35.41618
28.2070007324 3.2432088852 15.93388 35.41633
28.2043857574 3.2456333637 15.97389 35.41633
28.2002983093 3.2459509373 16.01399 37.28365
28.1960277557 3.2467665672 16.05405 38.61271
28.1919670105 3.2477316856 16.09408 38.71658
28.1879653931 3.2466435432 16.13419 38.7249
28.1842861176 3.2448916435 16.17423 38.72551
28.1820354462 3.2412047386 16.21432 38.72555
28.1826324463 3.2370920181 16.25432 38.72556
28.1857509613 3.2338995934 16.29438 38.72557
28.1885929108 3.2305252552 16.33452 38.72556
28.1903266907 3.2264661789 16.3747 38.72556
28.1890792847 3.2224066257 16.41483 38.72556
28.187122345 3.2189092636 16.45502 38.72557
28.1835861206 3.2164306641 16.49517 38.72555
28.1806735992 3.2131557465 16.53533 38.72556
28.1778812408 3.2101974487 16.57551 38.72557
28.1763648987 3.2060148716 16.61553 47.68913
28.1751213074 3.2021365166 16.65558 50.12162
28.1718673706 3.2001438141 16.69572 50.3395
28.1680755615 3.1984210014 16.73584 50.35661
28.1656284332 3.1954820156 16.77601 50.35823
28.1625270844 3.1928882599 16.81615 50.35838
28.1598777771 3.1895205975 16.8563 50.35838
28.1603794098 3.1855177879 16.89649 50.35837
28.1612815857 3.1821229458 16.93666 50.35837
28.1635456085 3.1797661781 16.97671 50.35837
28.1654262543 3.17710495 17.01592 50.35838
28.1666355133 3.175937891 17.056 50.35838
28.1671829224 3.1741995811 17.09612 50.35837
28.167924881 3.1726708412 17.13629 50.35838
28.1699295044 3.1719822884 17.17643 40.4222
28.1704349518 3.1703424454 17.21658 37.37024
28.1722412109 3.1690998077 17.25663 37.09527
28.172170639 3.1669137478 17.29676 37.07239
28.169834137 3.1670062542 17.33682 37.07055
28.1668682098 3.1657130718 17.37703 37.07038
28.1657791138 3.1644635201 17.41715 37.07037
28.1632575989 3.1624920368 17.45718 37.07038
28.1625518799 3.1601083279 17.49727 37.07037
28.1631240845 3.1598424911 17.52779 47.75989
