Day: 229
28.1103610992 2.8898010254 11.19986 183.4622
28.1093921661 2.8881943226 11.23996 183.4621
28.1100521088 2.8862822056 11.28005 183.4621
28.1084346771 2.8859601021 11.32008 183.4621
28.1064167023 2.8879358768 11.36011 183.4621
28.104593277 2.88773036 11.40019 183.4621
28.1028785706 2.891546011 11.44034 183.4621
28.0989933014 2.8933258057 11.48036 183.4621
28.0991420746 2.8946290016 11.52048 183.4621
28.1018848419 2.896831274 11.56049 183.4621
28.1054477692 2.8947689533 11.60066 191.8004
28.1085281372 2.893652916 11.64078 201.7835
28.1086502075 2.8945105076 11.68089 202.466
28.1100311279 2.8906478882 11.72104 202.5243
28.1101665497 2.8902771473 11.74391 202.5279
