28.1109275818 2.8938028812 11.87826 193.7855
28.1121864319 2.8904805183 11.91842 193.7502
28.1132850647 2.8896906376 11.95855 193.7476
28.1151218414 2.8872597218 11.99858 193.7474
28.1160373688 2.8876452446 12.03862 193.7473
28.1181640625 2.8833696842 12.07872 193.7473
28.120426178 2.879888773 12.11887 200.2252
28.1224079132 2.8813238144 12.15892 207.8223
28.1243362427 2.8778657913 12.19905 208.2585
28.125207901 2.8731648922 12.23913 208.2901
28.1271800995 2.870677948 12.27922 208.2926
28.1259689331 2.875235796 12.31944 208.2928
28.124666214 2.8800573349 12.35952 208.2928
28.1233119965 2.8846919537 12.39964 208.2928
28.1216869354 2.8893392086 12.43984 208.2928
28.1191444397 2.8933167458 12.47991 208.2928
28.1156177521 2.8966021538 12.51999 208.2928
28.1116714478 2.8976037502 12.56004 208.2928
28.1113986969 2.8956334591 12.60013 199.7557
28.1107349396 2.8952434063 12.64022 193.6752
28.1109352112 2.8939306736 12.68036 193.1888
28.1109352112 2.8939306736 12.69493 193.1648
