Day: 228
28.0554656982 2.9200336933 11.57665 23.87766
28.0578231812 2.9172587395 11.61676 23.87766
28.0612945557 2.9147849083 11.65689 23.87767
28.0645484924 2.9120967388 11.69696 23.87766
28.067073822 2.9085645676 11.73702 28.10978
28.0687274933 2.9046831131 11.77704 29.41714
28.0677089691 2.900354147 11.81713 29.53603
28.0683307648 2.8959267139 11.85719 29.54413
28.070142746 2.8918511868 11.89732 29.54487
28.0726051331 2.8883395195 11.93733 29.54491
28.0753002167 2.8849849701 11.9774 29.54494
28.0784339905 2.8841669559 12.01751 35.0899
28.0799274445 2.8840835094 12.05759 37.28762
28.0821800232 2.8847811222 12.09775 37.46412
28.0860538483 2.8835995197 12.13796 37.48096
28.0881099701 2.8817579746 12.17806 37.48228
28.086977005 2.8799700737 12.21807 37.48241
28.0829601288 2.8809239864 12.25817 37.48241
28.0798587799 2.8803594112 12.29816 37.4824
28.0828056335 2.8777124882 12.33816 37.4824
28.0864753723 2.8751616478 12.3783 37.48241
28.0905380249 2.8762218952 12.41835 37.48242
28.0916042328 2.8790893555 12.45836 37.48241
28.0896816254 2.880998373 12.49849 37.48241
28.0890598297 2.8832359314 12.53857 37.48241
28.0928440094 2.8847379684 12.57857 37.48241
28.0946292877 2.8879549503 12.6187 33.12299
28.0914649963 2.889013052 12.6588 27.8511
28.0913791656 2.8915817738 12.69891 27.51665
28.094871521 2.8905119896 12.73892 27.49017
28.0982112885 2.8881745338 12.77905 27.48806
28.1017875671 2.8857922554 12.81919 27.48792
28.1055107117 2.8840119839 12.85924 27.4879
28.1077194214 2.8830859661 12.89926 27.4879
28.1101970673 2.8861505985 12.93943 27.4879
28.1105175018 2.8897790909 12.97954 27.48791
28.1090698242 2.8934233189 13.01955 27.4879
28.1076831818 2.8963420391 13.05965 27.48789
28.1057357788 2.8955848217 13.09976 27.48789
28.1024513245 2.8977034092 13.13986 30.63192
28.102432251 2.9003005028 13.17993 45.84152
28.1055908203 2.9029502869 13.2201 46.86185
28.1094055176 2.900955677 13.26024 46.95063
28.1107807159 2.8969435692 13.30034 46.95857
28.1110591888 2.8932104111 13.34038 46.95906
28.1131839752 2.8894999027 13.38038 46.95909
28.114566803 2.8858656883 13.42051 46.9591
28.1155929565 2.8824255466 13.46064 46.95909
28.1172351837 2.8790249825 13.50067 46.95909
28.1191940308 2.8760621548 13.54073 46.95908
28.120716095 2.8722345829 13.58084 46.95909
28.1233081818 2.8689565659 13.62086 46.9591
28.1273784637 2.8677566051 13.66095 46.95911
28.1311244965 2.8674066067 13.70101 46.95909
28.1337471008 2.8666005135 13.74108 46.95909
28.1347980499 2.8625266552 13.78119 45.41285
28.1379127502 2.8596317768 13.82124 45.24383
28.1415424347 2.857126236 13.86133 45.2291
28.1449718475 2.8544034958 13.90136 45.22803
28.1490726471 2.8531880379 13.94136 45.22794
28.1525650024 2.8537671566 13.9814 45.22793
28.1540546417 2.8536403179 14.02145 45.22793
28.1561946869 2.8572804928 14.06149 38.48539
28.1566810608 2.8616464138 14.10151 31.28725
28.1562213898 2.8658630848 14.14152 30.80532
28.1548061371 2.8693621159 14.18157 30.75878
28.1543083191 2.8731520176 14.22169 30.75525
28.1537361145 2.877368927 14.26178 30.75498
28.1538200378 2.8816621304 14.30187 30.75495
28.1540622711 2.8858141899 14.34188 30.75495
28.1540527344 2.8900375366 14.38199 30.75495
28.1544437408 2.894307375 14.422 34.01914
28.1565113068 2.8978612423 14.46201 40.24469
28.1598396301 2.9005982876 14.50202 40.90449
28.1628932953 2.9035458565 14.54213 40.95704
28.1646747589 2.9073197842 14.58215 40.96075
28.1650657654 2.9113512039 14.62217 40.96107
28.1628341675 2.9149353504 14.66218 40.9611
28.1595573425 2.9178547859 14.70229 40.96108
28.1564903259 2.9196321964 14.74238 40.96109
28.1529750824 2.9210550785 14.78247 40.96109
28.1492118835 2.9231131077 14.82256 40.96109
28.1456604004 2.9252605438 14.86257 40.96109
28.1426181793 2.9280750751 14.90264 40.96108
28.1403636932 2.9313933849 14.94269 40.96111
28.1388683319 2.9352722168 14.98274 40.96109
28.1364555359 2.9387438297 15.02285 35.12615
28.1336841583 2.9417328835 15.06285 33.94963
28.1307945251 2.9449398518 15.10286 33.84171
28.1277370453 2.9478485584 15.14301 33.83364
28.1246948242 2.9507894516 15.18305 33.83297
28.1215190887 2.9539470673 15.22308 33.83289
28.1197528839 2.9578630924 15.26313 33.83289
28.1165771484 2.9605555534 15.3032 33.83289
28.1125564575 2.9610388279 15.34336 33.83289
28.1082744598 2.9617605209 15.3834 33.83289
28.1060314178 2.9644079208 15.42354 42.89516
28.1036243439 2.9647014141 15.46357 48.70678
28.1016426086 2.9670317173 15.50362 49.1471
28.0987911224 2.9649107456 15.54368 49.18745
28.1001415253 2.964309454 15.58375 49.19078
28.097661972 2.9635446072 15.62378 49.19105
28.0937042236 2.9649002552 15.66391 49.19106
28.0918159485 2.9681389332 15.70403 49.19108
28.0896492004 2.9701821804 15.7441 49.19107
28.0857849121 2.9713845253 15.78413 49.19107
28.0825176239 2.9691340923 15.82429 49.19107
28.080242157 2.9690220356 15.86443 49.19107
28.0800933838 2.9660491943 15.9046 49.19107
28.0806465149 2.9630367756 15.94468 45.24574
28.0788154602 2.9626019001 15.98471 44.25959
28.0764102936 2.9649035931 16.02474 44.1921
28.0724582672 2.9663307667 16.06473 44.18694
28.0708789825 2.9697809219 16.10482 44.1865
28.0682659149 2.9729290009 16.14491 44.18647
28.0652770996 2.9742782116 16.18505 44.18647
28.0628013611 2.9779195786 16.22519 44.18647
28.061548233 2.9813959599 16.26526 44.18646
28.0590019226 2.9841656685 16.30542 44.18645
28.0579223633 2.9874269962 16.34558 44.18647
28.0563869476 2.9906048775 16.38564 44.18646
28.0556602478 2.9922759533 16.42579 44.18646
28.0539073944 2.9941654205 16.4658 56.74208
28.0540809631 2.997543335 16.50592 58.44067
28.054227829 3.0009579659 16.54597 58.60196
28.0523414612 3.002771616 16.58602 58.6144
28.0504722595 3.0037562847 16.62605 58.61538
28.0500526428 3.0078380108 16.66617 58.61545
28.0491943359 3.0120580196 16.7063 58.61547
28.0472259521 3.0159986019 16.74644 58.61547
28.0455589294 3.0197405815 16.78646 58.61545
28.0433731079 3.0231649876 16.82659 58.61544
28.041852951 3.0270383358 16.86667 58.61547
28.0400390625 3.0309565067 16.90675 58.28367
28.0387706757 3.0336773396 16.94683 57.75695
28.0372848511 3.029917717 16.98682 57.70831
28.0359649658 3.0265724659 17.02694 57.70383
28.0358810425 3.0262084007 17.06697 57.70347
28.0341453552 3.0224118233 17.10707 57.70345
28.0338153839 3.0176651478 17.14712 57.70345
28.0341701508 3.0131886005 17.18716 57.70345
28.0343933105 3.0088329315 17.22717 57.70344
28.0337638855 3.0045466423 17.2673 57.70344
28.0325965881 3.0005574226 17.30736 68.51183
28.0360946655 2.9980902672 17.34745 72.09835
28.0402908325 2.9983625412 17.38749 72.4212
28.0436496735 2.998398304 17.42751 72.4486
28.0456428528 2.9995353222 17.4676 72.45086
28.0473365784 3.0013594627 17.50775 72.45103
28.0484104156 3.0042772293 17.54781 72.45106
28.0499343872 3.0050888062 17.58784 72.45106
28.0510444641 3.0024704933 17.62801 72.45106
28.0520935059 2.9991238117 17.66804 72.45106
28.0522193909 2.9952516556 17.70821 66.36993
28.0522193909 2.9952516556 17.72266 63.93163
28.0527515411 2.9843361378 17.8498 62.81147
28.0515632629 2.9803271294 17.88989 62.81117
28.0500659943 2.9760420322 17.92998 62.81114
28.0496253967 2.9715745449 17.97021 62.81113
28.0492248535 2.9667761326 18.01035 62.81113
28.0495090485 2.9630692005 18.05039 62.81113
28.0500736237 2.958656311 18.09052 62.81113
28.0503120422 2.9546246529 18.13071 62.81113
28.0508537292 2.950387001 18.17077 59.7678
28.0518856049 2.9460821152 18.21078 58.04852
28.0539398193 2.9422466755 18.25085 57.91194
28.0563640594 2.9389734268 18.29088 57.9
28.0554237366 2.9350600243 18.33106 57.89894
28.0560092926 2.9309010506 18.37114 57.89885
28.056060791 2.9267542362 18.41129 57.89884
28.0552196503 2.9226346016 18.4514 57.89886
28.0563297272 2.9184231758 18.49156 49.03039
28.0569820404 2.9175553322 18.52017 45.78722
