28.2265625 3.0695915222 9.474149 76.84574
28.2291240692 3.0673453808 9.514188 76.79085
28.2326812744 3.066804409 9.554209 76.78668
28.2358779907 3.0668373108 9.594309 76.78633
28.237247467 3.0703721046 9.634308 76.78629
28.2372264862 3.0742719173 9.674344 76.78629
28.2361736298 3.0779800415 9.714391 76.78629
28.2339782715 3.0812757015 9.754407 83.65993
28.2299995422 3.0821330547 9.794481 92.56395
28.2257633209 3.0831830502 9.834586 93.27489
28.2227535248 3.0861430168 9.874672 93.32647
28.2204341888 3.0887286663 9.914741 93.33035
28.2175979614 3.0909559727 9.954834 93.3307
28.2162456512 3.09375 9.994924 93.33073
28.2162189484 3.0930068493 10.03501 93.33073
28.2157287598 3.0910732746 10.07505 93.33073
28.2139415741 3.088786602 10.11509 93.33073
28.2121505737 3.0867798328 10.15511 93.33073
28.2087841034 3.0881288052 10.19518 103.4374
28.2063674927 3.0879683495 10.23518 111.1649
28.2077636719 3.0850813389 10.27529 111.8002
28.211473465 3.0842571259 10.31534 111.8566
28.2146453857 3.0829644203 10.35536 111.8609
28.2182998657 3.0830907822 10.39549 111.8612
28.2199935913 3.0803153515 10.43558 111.8613
28.2202472687 3.0796926022 10.45313 111.8613
