Day: 237
28.2150096893 3.0607252121 8.140807 39.36654
28.2152690887 3.0577011108 8.180868 39.36543
28.2146911621 3.0540671349 8.220942 39.36533
28.2153205872 3.0507516861 8.261036 39.36531
28.2172145844 3.047352314 8.301135 39.36533
28.2186222076 3.0435464382 8.341212 39.36534
28.2204437256 3.0401704311 8.381295 39.36533
28.22315979 3.0379214287 8.421305 39.36535
28.2267913818 3.0393271446 8.461326 39.36531
28.2300071716 3.0418748856 8.501378 49.31716
28.2307357788 3.0437345505 8.541457 56.28099
28.2311630249 3.0465862751 8.581515 56.80079
28.2324752808 3.050142765 8.621534 56.84309
28.2337665558 3.053501606 8.661593 56.84652
28.2333469391 3.0552973747 8.701624 56.84679
28.2324924469 3.0546107292 8.741648 66.45375
28.2300243378 3.0550270081 8.781731 67.09958
28.2281169891 3.0582282543 8.821816 67.15021
28.2268428802 3.0620555878 8.861954 67.1541
28.2246685028 3.0647654533 8.902013 79.64129
28.2235240936 3.0667140484 8.942072 85.95716
28.2227325439 3.0685303211 8.982162 86.57317
28.2225723267 3.0709457397 9.02225 86.62118
28.2212371826 3.072211504 9.062393 86.62511
28.2198810577 3.0721130371 9.102495 86.62543
28.218837738 3.0714654922 9.14265 86.62547
28.2167854309 3.0706293583 9.182719 86.62547
28.216085434 3.0680980682 9.222872 86.62547
28.2159748077 3.0644650459 9.26306 86.62547
28.2153053284 3.0612785816 9.303218 86.62547
28.2153053284 3.0612785816 9.31196 86.62547
