28.2165794373 3.0907320976 10.75931 111.8613
28.2157363892 3.0937292576 10.79935 94.04182
28.2158126831 3.0973215103 10.83938 92.53809
28.2158603668 3.101154089 10.87946 92.44432
28.2148361206 3.1051940918 10.91958 92.43537
28.2130374908 3.1084759235 10.95967 102.1711
28.2098789215 3.1075186729 10.99977 107.051
28.2090778351 3.1038043499 11.03979 107.4304
28.2106647491 3.1007304192 11.07992 107.4636
28.213558197 3.0984151363 11.11993 107.4664
28.2148990631 3.0974881649 11.15996 107.4667
28.2157421112 3.0960683823 11.19999 107.4667
28.2167682648 3.0932476521 11.24001 107.4667
28.2162876129 3.0911231041 11.28013 107.4667
28.2139186859 3.0882394314 11.32018 114.9172
28.2114028931 3.0877737999 11.36027 119.0421
28.2075443268 3.0891697407 11.40029 119.4812
28.206319809 3.088275671 11.4403 119.5134
28.2085208893 3.0847194195 11.48038 119.5162
28.2095317841 3.0827345848 11.52049 119.5164
28.2095317841 3.0827345848 11.52863 119.5165
