28.2692470551 2.8045716286 18.24073 127.1619
28.2727298737 2.8037242889 18.28076 127.1619
28.2757205963 2.8005533218 18.32082 127.1619
28.2772598267 2.7965753078 18.36089 127.1619
28.275592804 2.7928597927 18.40091 127.1619
28.2717380524 2.7913172245 18.44104 132.3629
28.2681846619 2.7892899513 18.48109 132.8053
28.2649345398 2.78662467 18.52111 132.8393
28.2614383698 2.7842268944 18.56121 132.8423
28.2572345734 2.7846488953 18.60134 132.8426
28.2539825439 2.7850353718 18.64142 132.8426
28.2497825623 2.7847681046 18.68153 132.8426
28.2457504272 2.783949852 18.72155 142.4447
28.2415943146 2.7826349735 18.76156 146.9889
28.2374610901 2.7825040817 18.80159 147.2985
28.2329559326 2.7827410698 18.84168 147.3224
28.2288513184 2.7843039036 18.8817 147.3244
28.2262821198 2.7867987156 18.92173 147.3245
28.2237110138 2.7901029587 18.96188 147.3246
28.2228965759 2.7886588573 19.00202 147.3245
28.219329834 2.790140152 19.04204 131.0668
28.2170963287 2.7923235893 19.08215 128.3408
28.2141399384 2.7954115868 19.12223 128.1459
28.2107124329 2.7979016304 19.1623 128.1288
28.2076873779 2.8002710342 19.20238 128.1275
28.2063522339 2.8038852215 19.24254 128.1274
28.2091140747 2.8058121204 19.28258 128.1273
28.2097263336 2.8095719814 19.32272 128.1273
28.2129249573 2.8120822906 19.36283 128.1274
28.217168808 2.812390089 19.40288 128.1274
28.220708847 2.8114316463 19.44303 128.1273
28.2247600555 2.8131356239 19.48319 128.1273
28.2289199829 2.8122513294 19.52327 128.1274
28.2333469391 2.8119058609 19.56335 128.1273
28.2376804352 2.8115460873 19.60342 128.1274
28.2418003082 2.8101511002 19.64343 140.6878
28.2453098297 2.807513237 19.68343 143.9632
28.2496414185 2.8070213795 19.7235 144.2601
28.2535190582 2.8082711697 19.76366 144.2848
28.2572746277 2.8069498539 19.80373 144.2868
28.2611293793 2.8052134514 19.84382 144.287
28.2647190094 2.8052399158 19.88392 144.287
28.2686443329 2.8047385216 19.92403 144.287
28.2728328705 2.803786993 19.9642 144.287
28.2731838226 2.803342104 19.99806 144.287
