Day: 225
28.3187217712 2.8405838013 10.67332 84.20373
28.3187026978 2.8439571857 10.71342 84.20033
28.3203086853 2.8474957943 10.75346 84.20008
28.3226261139 2.849770546 10.79358 84.20007
28.3252258301 2.849811554 10.83359 84.20007
28.327507019 2.847628355 10.87362 84.20007
28.3283805847 2.8445520401 10.91375 84.20007
28.328874588 2.8408336639 10.95384 93.94563
28.3284645081 2.8372309208 10.99404 95.11423
28.3257637024 2.8353252411 11.03409 95.20779
28.3254451752 2.8321349621 11.07417 95.2152
28.3226947784 2.8327200413 11.11425 95.21577
28.3207950592 2.8353352547 11.1544 95.21584
28.3198184967 2.8387405872 11.19449 95.21584
28.3185386658 2.8422243595 11.2345 95.21584
28.3184833527 2.8424065113 11.25753 95.21584
