28.2690620422 2.8277745247 15.58281 114.9024
28.2664661407 2.8307683468 15.62301 114.9024
28.2629833221 2.8333389759 15.66305 114.9024
28.2654266357 2.8358821869 15.70311 114.9024
28.268787384 2.8377575874 15.74315 114.9024
28.272600174 2.8392262459 15.78322 114.9024
28.2766819 2.8407785892 15.82326 122.8451
28.2810764313 2.8409290314 15.86332 124.1881
28.2847423553 2.8430907726 15.90337 124.3176
28.2880420685 2.8459997177 15.94342 124.3254
28.29022789 2.8497214317 15.98351 124.326
28.29205513 2.8489608765 16.02356 124.326
28.2915897369 2.844689846 16.06365 124.326
28.2931079865 2.8406515121 16.10368 124.326
28.2931365967 2.8365154266 16.1438 124.3261
28.292760849 2.8321931362 16.18392 124.3261
28.2910823822 2.8283011913 16.22416 124.3261
28.289648056 2.8249571323 16.26436 124.3261
28.2869091034 2.8232045174 16.30456 122.9554
28.2828845978 2.8234367371 16.34464 122.8168
28.2797260284 2.8238046169 16.38477 122.8066
28.2759361267 2.8242399693 16.42478 122.8057
28.2736186981 2.8277506828 16.46494 138.3233
28.2697429657 2.8273751736 16.50508 141.0271
28.2670059204 2.8301577568 16.54518 141.2674
28.265083313 2.8321101665 16.5853 141.2861
28.2624397278 2.8341863155 16.62532 151.5296
28.2624893188 2.834430933 16.66548 155.3941
28.263715744 2.8313267231 16.70568 155.7157
28.2637710571 2.8310768604 16.72859 155.7377
