Day: 230
28.2595672607 2.8942563534 13.55229 157.763
28.2561016083 2.8928718567 13.59232 157.8002
28.2519721985 2.891276598 13.63247 157.8031
28.2490615845 2.8884110451 13.67249 157.8033
28.2471313477 2.8850572109 13.71258 157.8033
28.2452354431 2.8814001083 13.75264 157.8033
28.2451610565 2.8775942326 13.79268 175.5098
28.2446212769 2.8742103577 13.83281 177.1049
28.2440433502 2.8707466125 13.87298 177.2364
28.2417831421 2.8679060936 13.91303 177.248
28.2396888733 2.8650720119 13.95312 177.2489
28.2368144989 2.8624720573 13.9932 177.249
28.233537674 2.8605847359 14.03331 177.249
28.2305793762 2.8579435349 14.07339 177.249
28.2287139893 2.8549883366 14.11344 177.249
28.226184845 2.851503849 14.15353 175.9029
28.2220821381 2.8499019146 14.19359 175.7031
28.2187633514 2.8489029408 14.23371 175.6861
28.2145442963 2.8479473591 14.27373 175.6847
28.2111473083 2.846165657 14.31377 173.1263
28.2077140808 2.8434984684 14.35387 169.4357
28.2064266205 2.8393800259 14.39401 169.201
28.2083358765 2.8355424404 14.43403 169.1814
28.2115745544 2.8325634003 14.47416 169.1801
28.2152748108 2.830019474 14.51424 169.1799
28.218914032 2.8276934624 14.55433 169.1799
28.2227611542 2.825492382 14.59435 169.1799
28.2269706726 2.8243477345 14.6344 169.1799
28.2310447693 2.8260285854 14.67453 169.1799
28.2329311371 2.8298728466 14.71463 169.1799
28.2323188782 2.8338859081 14.7547 169.1799
28.2313098907 2.8380119801 14.79482 169.1799
28.2307357788 2.8422486782 14.83492 169.1799
28.2342472076 2.8444199562 14.87497 169.1799
28.2385177612 2.8454394341 14.91503 169.1799
28.2422904968 2.8473081589 14.95514 182.4276
28.2459659576 2.8499023914 14.99521 184.8651
28.2497005463 2.8518979549 15.03534 185.0595
28.2537574768 2.8529510498 15.07535 185.075
28.2579154968 2.8544163704 15.11548 185.0764
28.25989151 2.8581974506 15.15557 185.0766
28.2594203949 2.8626270294 15.19568 185.0766
28.2579345703 2.8665964603 15.23571 185.0766
28.2563114166 2.8705961704 15.27585 185.0766
28.2564544678 2.8748834133 15.31598 185.0766
28.2584114075 2.8787136078 15.35604 185.0766
28.2606697083 2.8823139668 15.39607 201.988
28.2623386383 2.8863730431 15.43622 204.1017
28.2627601624 2.8908154964 15.47624 204.2533
28.2606639862 2.8940103054 15.51632 204.2659
28.2564201355 2.8935120106 15.55637 204.267
28.2529888153 2.8919920921 15.5964 204.2671
28.2529888153 2.8919920921 15.60826 204.2671
