28.2949447632 2.8944644928 16.04361 222.27
28.2956790924 2.8908376694 16.08362 222.27
28.2969799042 2.8866169453 16.12363 222.27
28.298538208 2.8826744556 16.16372 222.27
28.2998886108 2.8784093857 16.20382 222.27
28.2997055054 2.8747694492 16.24397 222.27
28.2999897003 2.8709445 16.28409 215.5908
28.3006801605 2.8674521446 16.32423 203.8365
28.3034553528 2.8707020283 16.36432 202.8911
28.3053779602 2.8742358685 16.40433 202.8135
28.3070201874 2.8777456284 16.44443 202.8071
28.3080043793 2.8816103935 16.48453 202.8066
28.3087291718 2.8856730461 16.52463 202.8066
28.3086280823 2.8895409107 16.56467 202.8066
28.3081798553 2.8937578201 16.60479 202.8066
28.3082942963 2.8981599808 16.64484 202.8066
28.3082942963 2.9023666382 16.68497 202.8066
28.3084125519 2.9066510201 16.72499 202.8066
28.309047699 2.910961628 16.76504 202.8066
28.3109970093 2.9148647785 16.80513 190.0813
28.3143291473 2.9175770283 16.84528 189.4533
28.3176612854 2.9202485085 16.88537 189.4097
28.3208446503 2.9230356216 16.92542 189.4066
28.3212299347 2.9269762039 16.96545 189.4064
28.3205623627 2.9313116074 17.00549 189.4063
28.3192386627 2.9354765415 17.0456 189.4063
28.3164558411 2.9360780716 17.0857 205.0163
28.3128643036 2.9335932732 17.12577 206.0548
28.3090801239 2.9315140247 17.16585 206.1536
28.3053894043 2.9291353226 17.20599 206.1607
28.3024806976 2.926040411 17.24615 206.1613
28.3015422821 2.9220569134 17.28625 206.1613
28.300453186 2.9180498123 17.32633 206.1613
28.2991600037 2.9138991833 17.36633 206.1613
28.2978839874 2.9101958275 17.40635 206.1613
28.2966976166 2.9066357613 17.44637 206.1613
28.2956943512 2.9022760391 17.48648 200.9636
28.2952632904 2.897819519 17.52649 188.3813
28.2952919006 2.896572113 17.5654 187.4564
