Day: 231
28.2704792023 2.9167804718 5.717803 71.22627
28.2734279633 2.9157831669 5.757941 69.37797
28.2769241333 2.9176793098 5.798062 69.23347
28.2799339294 2.9204077721 5.838122 69.22076
28.2831916809 2.9230368137 5.878248 53.64771
28.2866630554 2.9254333973 5.918304 50.148
28.2903881073 2.9281048775 5.95843 49.88837
28.2932529449 2.9307544231 5.99848 49.86477
28.2950973511 2.9348468781 6.038564 49.86282
28.2960720062 2.9388267994 6.07858 49.86269
28.2966861725 2.9427120686 6.1187 49.86266
28.2973747253 2.9469120502 6.158754 49.86266
28.2980270386 2.951318264 6.198761 49.86266
28.2991638184 2.9552204609 6.238885 56.18833
28.2999897003 2.9594624043 6.278922 65.06242
28.3013687134 2.9634494781 6.318959 65.78408
28.3031768799 2.9675221443 6.358984 65.84312
28.3055534363 2.9703748226 6.399081 65.84792
28.3075618744 2.9740269184 6.439095 65.16479
28.309299469 2.9780528545 6.479207 57.15556
28.3104686737 2.9819560051 6.519269 56.5019
28.311044693 2.9860897064 6.559291 56.45208
28.3113613129 2.9900398254 6.599367 56.44795
28.3120136261 2.9942142963 6.639405 56.30212
28.3120708466 2.9983403683 6.679533 53.38665
28.3115577698 3.0026490688 6.719565 53.15952
28.3097572327 3.0064094067 6.759608 53.13915
28.3058185577 3.0082886219 6.799619 53.13752
28.30219841 3.007256031 6.839645 53.13738
28.2980537415 3.0062448978 6.879712 53.13736
28.2945632935 3.003796339 6.919818 53.13737
28.2945213318 3.0068831444 6.959918 53.13737
28.2950077057 3.0109555721 6.999994 53.13738
28.2920818329 3.0142629147 7.040081 53.13737
28.290435791 3.0174789429 7.080122 53.13737
28.2882575989 3.0207066536 7.120155 50.63411
28.2861385345 3.0241098404 7.1602 48.56709
28.2855072021 3.0283808708 7.200308 48.37894
28.2858333588 3.0326163769 7.240397 48.36243
28.2860431671 3.0366828442 7.280416 48.36107
28.2831497192 3.0396711826 7.320443 48.36096
28.2797603607 3.0411150455 7.360521 48.36097
28.2764453888 3.0425040722 7.400559 48.36095
28.2746009827 3.0458769798 7.440618 48.36097
28.2715492249 3.0487620831 7.480675 48.36097
28.269985199 3.0525035858 7.520762 48.36097
28.2682914734 3.0565338135 7.560829 48.36097
28.2651500702 3.0594513416 7.600913 48.36095
28.2618618011 3.0610654354 7.640983 51.07353
28.2578716278 3.0608344078 7.681097 51.70784
28.2541675568 3.0584123135 7.72123 51.76944
28.2516670227 3.0548713207 7.761281 51.77478
28.2516040802 3.0508027077 7.801292 51.77517
28.2486953735 3.0482697487 7.841306 51.77519
28.2456569672 3.0453388691 7.881415 51.77518
28.245098114 3.0411343575 7.92149 51.77519
28.2477378845 3.0378339291 7.961567 51.77518
28.2517108917 3.0364201069 8.001595 51.7752
28.2512531281 3.0353477001 8.041702 51.7752
28.247833252 3.0358700752 8.081773 51.77519
28.2448749542 3.0341451168 8.121911 51.77519
28.2439689636 3.0305776596 8.161945 51.7752
28.24467659 3.0276157856 8.202085 49.03197
28.24817276 3.0253744125 8.242127 33.75923
28.2517814636 3.0238101482 8.282252 33.08767
28.2552528381 3.0226206779 8.322354 33.04117
28.2586097717 3.0214419365 8.362433 33.03742
28.2617263794 3.019854784 8.402488 33.03708
28.264995575 3.0182819366 8.442559 33.03706
28.2683315277 3.0165600777 8.48263 33.03705
28.2710876465 3.0141196251 8.522651 33.03705
28.2741069794 3.0144827366 8.562781 33.03704
28.2739963531 3.0100724697 8.602801 33.03706
28.2752017975 3.0059525967 8.64292 33.03705
28.2772884369 3.002414465 8.682925 33.03705
28.2771244049 2.9994981289 8.723002 33.03705
28.2750282288 2.99624753 8.763042 30.09212
28.2741756439 2.9953100681 8.803131 29.25363
28.2735595703 2.9919302464 8.843247 29.18049
28.2719860077 2.9884161949 8.883316 29.17351
28.27186203 2.9841866493 8.923433 29.17303
28.2721099854 2.9799630642 8.963538 29.17298
28.2727680206 2.9756026268 9.003654 29.17299
28.2723674774 2.9717330933 9.04372 29.17298
28.2713050842 2.9679734707 9.08373 29.17297
28.2711391449 2.963855505 9.123834 29.17298
28.2714138031 2.9595346451 9.163898 29.17298
28.2718200684 2.9551446438 9.204011 29.17297
28.2723274231 2.9509418011 9.244082 29.17298
28.2723388672 2.9468157291 9.284235 34.98137
28.2718429565 2.942987442 9.324249 39.01284
28.27186203 2.9390368462 9.364271 39.23926
28.2714748383 2.9348802567 9.404297 39.26149
28.2707328796 2.930835247 9.444423 39.26308
28.269613266 2.9270193577 9.48443 39.26322
28.2687644958 2.9228317738 9.524589 39.26323
28.268951416 2.9189913273 9.564667 39.26323
28.2698497772 2.9174013138 9.602826 39.26323
