28.2460403442 2.7346427441 7.483755 130.9255
28.2469673157 2.7375845909 7.523796 130.9255
28.2493247986 2.7410666943 7.56393 130.9255
28.2531433105 2.7426261902 7.604033 130.9255
28.2534809113 2.7462944984 7.644039 130.9255
28.2520618439 2.7488529682 7.684095 130.9255
28.25066185 2.7519080639 7.724109 130.9255
28.2500839233 2.752430439 7.764218 130.9255
28.249004364 2.7539908886 7.804271 126.8541
28.2499275208 2.7562944889 7.844275 125.923
28.2469596863 2.7593438625 7.884389 125.8438
28.2428779602 2.7600417137 7.924401 125.8375
28.2414302826 2.7635602951 7.964438 125.8369
28.2411727905 2.7665379047 8.004539 125.8369
28.2389163971 2.7650005817 8.044608 125.8369
28.2350559235 2.7642412186 8.084666 125.8369
28.2310276031 2.7627124786 8.124671 125.8369
28.2272434235 2.7604734898 8.164707 125.8369
28.223197937 2.7587780952 8.204847 125.8369
28.2195549011 2.7584781647 8.244991 125.8369
28.2163085938 2.7610445023 8.28506 125.8369
28.2124824524 2.7628009319 8.325153 125.8369
28.2082710266 2.7638711929 8.365228 125.8369
28.2050590515 2.7669422626 8.405334 124.8054
28.2012176514 2.7689530849 8.445412 123.3018
28.1969776154 2.7702262402 8.485504 123.1673
28.1927185059 2.771422863 8.525558 123.1557
28.1888465881 2.7699615955 8.565589 123.1549
28.1849098206 2.7680127621 8.605656 123.1548
28.1805057526 2.7677516937 8.645673 123.1548
28.1769371033 2.7701377869 8.685755 123.1548
28.1733112335 2.772695303 8.725759 123.1548
28.1689071655 2.7732186317 8.765832 123.1548
28.1644992828 2.7733011246 8.805855 123.1548
28.1603336334 2.7747797966 8.845922 123.1548
28.1576442719 2.7782342434 8.885999 123.1548
28.1563224792 2.7824089527 8.92611 123.1548
28.1547737122 2.7865679264 8.96617 122.8486
28.1526908875 2.7895030975 9.006262 107.5251
28.1505584717 2.7929217815 9.046381 106.3962
28.1488418579 2.7969491482 9.086458 106.3039
28.1484203339 2.8012554646 9.126572 106.2971
28.1472663879 2.8044850826 9.166636 106.2964
28.148601532 2.8071804047 9.206736 106.2964
28.150718689 2.8042705059 9.24685 106.2964
28.1512126923 2.8000812531 9.286877 106.2964
28.1524105072 2.7962067127 9.326921 106.2964
28.1556243896 2.7952854633 9.367 114.7057
28.1583747864 2.7984743118 9.407003 115.1199
28.1588783264 2.8024482727 9.447107 115.1542
28.158624649 2.8067030907 9.487139 115.1568
28.1580543518 2.8108642101 9.527231 115.1571
28.156085968 2.8146271706 9.567347 115.1571
28.1542110443 2.8181116581 9.607386 115.1571
28.151927948 2.8208634853 9.647429 115.1571
28.1512088776 2.8233571053 9.687488 115.1571
28.1472015381 2.8242964745 9.727552 115.1571
28.1432533264 2.8238670826 9.767552 115.1571
28.1413650513 2.8210718632 9.807602 115.1571
28.1421108246 2.8174135685 9.84766 115.1571
28.1429615021 2.8135604858 9.887758 115.1571
28.1448574066 2.8102991581 9.927763 115.1571
28.143863678 2.8083488941 9.967818 115.0367
28.1414737701 2.8086161613 10.00794 114.6541
28.1404685974 2.8118116856 10.04803 114.6335
28.1392021179 2.8159408569 10.08807 114.6319
28.1388092041 2.8191821575 10.12815 114.6317
28.1366767883 2.8229146004 10.16821 114.6317
28.1365394592 2.8268446922 10.20827 114.6317
28.1368255615 2.8309698105 10.24835 114.6317
28.1359176636 2.8335025311 10.28838 114.6317
28.1340904236 2.8356471062 10.32841 114.6317
28.1308612823 2.8363678455 10.36844 114.6317
28.1274833679 2.8348238468 10.40846 114.6317
28.1233959198 2.8361523151 10.44857 123.3951
28.1204414368 2.8394927979 10.48869 132.8943
28.1187076569 2.8429710865 10.52872 133.7466
28.1180171967 2.8466072083 10.56883 133.8196
28.1153678894 2.8431649208 10.60887 133.825
28.1134757996 2.8392748833 10.64898 133.8254
28.1138324738 2.834966898 10.68909 133.8255
28.1147537231 2.8305675983 10.7291 133.8255
28.1159973145 2.826559782 10.76925 133.8255
28.1164035797 2.8223927021 10.80927 133.8255
28.1151924133 2.8180820942 10.84938 133.8255
28.1138114929 2.813991785 10.88947 133.8255
28.1133728027 2.8096466064 10.92952 133.8255
28.1134090424 2.8057441711 10.96961 141.2098
28.1166973114 2.8029179573 11.00972 149.9887
28.117433548 2.7986860275 11.04979 150.5525
28.1176357269 2.7947583199 11.08982 150.6011
28.1196880341 2.7909376621 11.12984 150.6051
28.1228256226 2.7878236771 11.16996 150.6055
28.124162674 2.784116745 11.20997 150.6055
28.1270046234 2.7808663845 11.25002 150.6055
28.1291866302 2.7771716118 11.29008 150.6055
28.1322364807 2.7740809917 11.3301 150.6055
28.135471344 2.7713010311 11.37023 150.6055
28.1390419006 2.7689976692 11.41037 150.6055
28.1415977478 2.7662196159 11.45037 150.6056
28.1442070007 2.7626173496 11.49046 150.6055
28.147146225 2.7593202591 11.53056 155.4846
28.1486091614 2.7550861835 11.57058 157.5082
28.1504974365 2.7512533665 11.61068 157.6631
28.1543636322 2.7489748001 11.65081 157.6766
28.155632019 2.7448363304 11.69085 157.6777
28.1566886902 2.7410156727 11.73087 166.9041
28.1605243683 2.7402961254 11.77092 171.9152
28.1647434235 2.7396466732 11.81098 172.4882
28.166343689 2.7373290062 11.85106 172.5296
28.1661739349 2.7331027985 11.89112 172.5335
28.1684761047 2.7296237946 11.93126 172.5338
28.1724586487 2.7280011177 11.97134 172.5338
28.1761207581 2.725515604 12.01149 172.5338
28.1792354584 2.7225430012 12.05158 172.5338
28.1825065613 2.7195203304 12.09161 172.5338
28.1868362427 2.7197518349 12.13171 172.5338
28.1903381348 2.7175958157 12.17185 172.5338
28.1946868896 2.7178266048 12.21197 172.5338
28.1988124847 2.719306469 12.25215 172.5338
28.2024021149 2.7219171524 12.29232 172.5338
28.2064590454 2.7219099998 12.33232 178.5967
28.2100315094 2.7200772762 12.37235 181.2512
28.2121067047 2.7175209522 12.4125 181.4533
28.2159175873 2.7179076672 12.4525 181.4713
28.2194595337 2.7169933319 12.49251 181.4726
28.2214889526 2.7158703804 12.53254 181.4728
28.225030899 2.7179503441 12.57256 181.4728
28.2270088196 2.7208821774 12.61257 181.4728
28.2299022675 2.7200012207 12.65263 181.4728
28.2334575653 2.7200102806 12.69265 181.4728
28.2312736511 2.7231736183 12.73282 181.4728
28.233499527 2.726200819 12.77285 181.4728
28.2370128632 2.7289283276 12.81287 181.4728
28.2401695251 2.7310862541 12.85288 170.1975
28.2438964844 2.7340314388 12.89299 164.0695
28.2470226288 2.7364850044 12.93313 163.5258
28.2476882935 2.7399852276 12.97321 163.4865
28.2476882935 2.7399852276 12.98204 163.4852
