28.2143802643 2.7300181389 17.71194 97.87764
28.2120895386 2.7320857048 17.75211 97.87766
28.2102775574 2.7362751961 17.7922 97.87766
28.2122192383 2.7407505512 17.83227 97.87766
28.2161808014 2.7428929806 17.87226 97.87766
28.2209587097 2.7429530621 17.91227 97.07034
28.2248268127 2.7401340008 17.95234 95.76961
28.2293376923 2.7382667065 17.99236 95.68835
28.2342777252 2.7377297878 18.03248 95.68291
28.2371044159 2.7364518642 18.07255 95.68246
28.2328262329 2.7349710464 18.11263 95.68242
28.2280483246 2.7339041233 18.15277 95.68242
28.2253189087 2.7304689884 18.19287 95.68242
28.2207374573 2.7294514179 18.23291 95.68242
28.2158756256 2.7296793461 18.273 95.68242
28.2127342224 2.7313933372 18.31312 95.68242
28.2127342224 2.7313933372 18.32921 95.68242
