28.2434577942 2.7333915234 16.28082 61.19082
28.2406406403 2.7314054966 16.32097 61.2154
28.2393856049 2.730471611 16.36103 61.21719
28.2395000458 2.730856657 16.40104 61.21734
28.2397499084 2.7323074341 16.44114 61.21735
28.2403011322 2.7342329025 16.48118 61.21735
28.2366371155 2.7349560261 16.52126 61.21735
28.2325897217 2.7355995178 16.56136 61.21734
28.2329139709 2.7376654148 16.60152 61.21734
28.237537384 2.7383754253 16.64153 61.21736
28.240978241 2.7368507385 16.68167 61.21736
28.2412109375 2.7335577011 16.72179 74.62919
28.2423095703 2.7329785824 16.76195 77.11451
28.2433204651 2.7336142063 16.80198 77.34032
28.2433204651 2.7336142063 16.82941 77.35512
