28.2350006104 2.7708323002 15.56519 249.1863
28.2369098663 2.7723605633 15.60533 256.2137
28.2369480133 2.7760360241 15.64535 256.6863
28.2334690094 2.7779300213 15.68536 256.7299
28.2296276093 2.7791879177 15.72537 256.7334
28.2257957458 2.7811491489 15.76546 256.7337
28.2215061188 2.78145051 15.80547 256.7337
28.2184505463 2.7786955833 15.84552 256.7337
28.2166137695 2.7747621536 15.88559 256.7337
28.2199268341 2.7722332478 15.92566 256.7337
28.2242031097 2.7711882591 15.9658 266.7032
28.2285938263 2.7708802223 16.0058 270.714
28.232919693 2.7704484463 16.04592 271.0397
28.2354450226 2.7712049484 16.08598 271.0627
28.2354450226 2.7712049484 16.12612 271.0646
28.2354450226 2.7712049484 16.13391 271.0647
