28.2620582581 2.7554152012 13.29888 174.8077
28.2640361786 2.7530193329 13.33901 174.8077
28.2668495178 2.7528362274 13.37906 174.8077
28.2668685913 2.7568225861 13.41907 174.8077
28.2665214539 2.7608706951 13.45915 174.8077
28.2668228149 2.7653002739 13.49917 174.8077
28.2674217224 2.7696046829 13.53922 174.8077
28.2684211731 2.7738759518 13.57929 174.8077
28.2674102783 2.7778897285 13.61932 174.8077
28.2634963989 2.7791247368 13.65939 186.599
28.2595081329 2.7779691219 13.69949 192.9839
28.2551765442 2.7780752182 13.73958 193.6118
28.2525482178 2.7749943733 13.77969 193.6574
28.2545967102 2.7711434364 13.81982 193.6616
28.2554569244 2.7671535015 13.85985 205.6721
28.2569408417 2.7638301849 13.89987 208.1169
28.2583999634 2.7604501247 13.93997 208.3029
28.2607116699 2.7566637993 13.98001 208.3176
28.2618312836 2.755259037 14.01207 208.3189
