28.2492637634 2.7160573006 5.556096 121.8127
28.2511634827 2.7172071934 5.596262 121.8127
28.2516555786 2.7191758156 5.636301 121.8127
28.2538013458 2.7182867527 5.676435 121.8127
28.2560901642 2.7175834179 5.716569 121.8127
28.2573051453 2.7159545422 5.756619 121.8127
28.2592372894 2.7148134708 5.796771 130.7457
28.2616138458 2.7146925926 5.836775 140.2885
28.2639484406 2.7137813568 5.876781 141.1992
28.2670078278 2.7133255005 5.916904 141.2706
28.2676944733 2.7171580791 5.95702 141.2763
28.2647590637 2.7202498913 5.997183 141.2767
28.2638816833 2.7244269848 6.03733 141.2768
28.2625198364 2.728553772 6.077445 141.2768
28.2620811462 2.7328782082 6.117458 141.2768
28.261264801 2.737142086 6.157486 141.2768
28.2579784393 2.7392976284 6.197631 141.2768
28.2551555634 2.7371277809 6.237643 141.2768
28.255657196 2.7336792946 6.277675 126.5958
28.2534999847 2.7317993641 6.317679 125.4034
28.2509384155 2.7331395149 6.357773 125.3275
28.2508468628 2.7293374538 6.397807 125.3204
28.2494506836 2.7253215313 6.437966 125.3199
28.2469158173 2.7225391865 6.478122 125.3198
28.2437896729 2.7218790054 6.518242 125.3198
28.2409896851 2.7232966423 6.558257 125.3198
28.2393264771 2.724070549 6.598307 125.3198
28.2396278381 2.722900629 6.638465 125.3198
28.2425441742 2.7211635113 6.678621 113.6759
28.2461566925 2.72077775 6.718664 111.8589
28.2479915619 2.7186579704 6.758801 111.7357
28.2499656677 2.71611166 6.798812 111.7234
28.2518348694 2.7188789845 6.838929 111.7225
28.2556285858 2.7178676128 6.878973 111.7225
28.257434845 2.7164862156 6.917593 111.7225
