28.0362873077 2.9605324268 11.38406 194.4471
28.0360584259 2.9566633701 11.42416 195.5816
28.0360412598 2.9520642757 11.46422 195.6663
28.0356521606 2.947630167 11.50425 195.6736
28.0337543488 2.945022583 11.54431 195.6741
28.0330448151 2.9480307102 11.58441 195.6742
28.0302276611 2.9507210255 11.62451 195.6742
28.0279788971 2.9541840553 11.66455 195.6742
28.0264091492 2.9580640793 11.70465 195.6742
28.0237922668 2.9612956047 11.74475 195.6742
28.023235321 2.9651045799 11.78486 195.6742
28.022611618 2.9692602158 11.82494 195.6742
28.0240345001 2.9729864597 11.86504 191.3938
28.0276889801 2.971997261 11.90512 189.1265
28.0302219391 2.9687988758 11.9452 188.9003
28.0333366394 2.9669668674 11.98529 188.8805
28.0354175568 2.9631841183 12.02542 188.8791
28.0363731384 2.9597513676 12.06543 188.879
28.0363731384 2.9597513676 12.07392 188.879
