Day: 232
28.0383758545 3.0351319313 7.287622 150.7143
28.0373306274 3.0314712524 7.327752 150.8774
28.0392780304 3.0304181576 7.367799 155.9113
28.0392780304 3.0304181576 7.375339 156.1898
28.0296211243 2.9956157207 9.283066 206.8831
28.0270118713 2.9972836971 9.323082 206.8835
28.02409935 2.9948484898 9.363116 206.8835
28.0220527649 2.9911224842 9.403128 206.8835
28.0196590424 2.9874749184 9.443268 206.8835
28.0218467712 2.9836750031 9.48327 206.8835
28.0234832764 2.9799480438 9.523293 206.8835
28.0266284943 2.9774928093 9.563331 206.8835
28.0306415558 2.9786472321 9.603492 206.8835
28.034236908 2.981102705 9.643654 206.8835
28.0384311676 2.9818603992 9.683764 206.8835
28.0376873016 2.9857869148 9.723768 205.5514
28.0377559662 2.9901344776 9.76388 193.8655
28.0340213776 2.9919633865 9.803965 192.8
28.0333709717 2.9920585155 9.826975 192.7444
