40.359500885 0.3813640475 14.70664 334.9804
40.3626861572 0.3809474707 14.74674 334.9804
40.3656845093 0.3789873421 14.78688 334.9804
40.3688735962 0.3765202463 14.82708 334.9804
40.3713035583 0.3737649322 14.86716 334.9804
40.3734359741 0.3708695769 14.90726 334.9804
40.3754577637 0.3678902388 14.94734 336.2993
40.3787918091 0.3660023212 14.98742 339.2276
40.3821334839 0.3670002818 15.02761 339.5396
40.3849601746 0.3649980128 15.06777 339.5666
40.3867492676 0.3619228899 15.10788 339.5686
40.3888282776 0.3586969376 15.14791 339.5687
40.3921966553 0.357009232 15.18792 331.3652
40.3945732117 0.3546251655 15.22804 328.2676
40.3970298767 0.3523985147 15.26817 328.0353
40.3975257874 0.3488150537 15.3082 328.0124
40.3993835449 0.3486676514 15.34837 328.0108
40.4015083313 0.3456014991 15.3885 328.0107
40.4030570984 0.3420443535 15.42867 328.0107
40.4035263062 0.3385584652 15.46873 328.0107
40.4061470032 0.3357280493 15.5088 328.0107
40.4087982178 0.3356510699 15.54891 328.0107
40.4109115601 0.3337709606 15.58891 328.0107
40.4097976685 0.3302610815 15.62895 328.0107
40.4126777649 0.328218013 15.66903 334.8753
40.4136352539 0.3249091804 15.70904 336.9232
40.4107284546 0.3245155811 15.74909 337.057
40.4075088501 0.3265592754 15.78931 337.0665
40.4049453735 0.3294250369 15.82941 340.9563
40.4018211365 0.3315599561 15.86961 348.1025
40.3984375 0.3336689174 15.9098 348.9938
40.3951225281 0.3356565237 15.94987 349.0666
40.3919067383 0.3376940787 15.99002 349.0729
40.3894844055 0.340988189 16.03026 349.0734
40.3884391785 0.3431816399 16.0703 349.0734
40.3858909607 0.345841974 16.1104 349.0734
40.3823738098 0.3471910357 16.15044 349.0734
40.3790245056 0.3490368426 16.19066 349.0734
40.376335144 0.3517076075 16.2308 348.4876
40.3739356995 0.3543250263 16.27099 347.7202
40.3738059998 0.3544255197 16.31115 347.6692
40.373462677 0.3547020853 16.35124 347.6648
40.369720459 0.355735302 16.39137 347.6644
40.3658943176 0.3555186689 16.43154 347.6644
40.3620033264 0.3557711244 16.47174 347.6644
40.3589706421 0.3574299812 16.51194 347.6644
40.3562545776 0.3602825701 16.55215 347.6644
40.3552970886 0.3640923798 16.59224 347.6644
40.3532447815 0.3674176335 16.63246 347.6644
40.3548202515 0.3710425496 16.67259 341.0969
40.3541641235 0.3748418987 16.71269 338.2344
40.3560791016 0.3778311908 16.75294 338.041
40.3572502136 0.3810482919 16.79313 338.0249
40.3602485657 0.3812642097 16.83329 338.0238
40.3627204895 0.3808695078 16.87336 338.0237
40.3627204895 0.3808695078 16.87884 338.0237
