40.4074630737 0.3132013083 11.02087 2.987364
40.4074134827 0.3163966238 11.06094 2.987363
40.4050369263 0.3192234039 11.10098 2.987363
40.4042510986 0.3220445514 11.14105 2.987364
40.407245636 0.3224501312 11.18118 359.7652
40.4093589783 0.3194594383 11.22139 354.2847
40.4121856689 0.3175607622 11.26151 353.8687
40.4150505066 0.3156366944 11.30161 353.8384
40.4166641235 0.3118854761 11.34181 353.8363
40.4179649353 0.3085376918 11.38208 353.8361
40.420425415 0.3054935336 11.42222 353.8361
40.4198455811 0.3020788729 11.46223 353.5479
40.416683197 0.3031581938 11.50248 352.7415
40.4156913757 0.3066800535 11.54277 352.6751
40.4122886658 0.3061549067 11.58291 352.6695
40.4106559753 0.3090141714 11.62315 352.6691
40.4081726074 0.31136024 11.66318 352.669
40.4074058533 0.3151013553 11.70345 352.669
40.4073219299 0.316634059 11.73445 352.669
