Day: 286
40.357509613 0.3494105935 11.05121 59.80494
40.3590583801 0.3489892185 11.09125 53.12581
40.3588638306 0.3487338722 11.13126 46.4206
40.3579597473 0.3474465013 11.17146 45.70655
40.3577690125 0.3451176882 11.21161 45.6492
40.3559532166 0.3437027335 11.25183 45.64391
40.3548851013 0.3450492322 11.29206 45.64355
40.3549804688 0.3470593989 11.33207 45.64352
40.3575782776 0.3472878337 11.3723 45.6435
40.3578872681 0.3482804894 11.41249 45.64351
40.3579444885 0.349021703 11.45255 51.53077
40.3574028015 0.3491437137 11.49068 56.03975
