Day: 277
40.3408584595 0.3943923712 8.155964 337.9146
40.3436012268 0.3945108652 8.19608 337.9138
40.3472709656 0.3941289783 8.236267 337.9137
40.3514785767 0.3955700099 8.276317 337.9137
40.3554115295 0.3965350389 8.316543 337.9137
40.3593559265 0.3954699636 8.356644 337.9137
40.3622741699 0.3979263008 8.396837 331.4767
40.3658752441 0.4002479911 8.436977 324.1201
40.3693199158 0.4020712674 8.477148 323.4526
40.3729286194 0.4025277793 8.517269 323.3991
40.3759078979 0.4023286104 8.557333 323.3946
40.3780593872 0.3997519016 8.597498 323.3942
40.3754272461 0.3981439769 8.637647 323.3942
40.3722724915 0.3970454931 8.677827 329.8287
40.3687438965 0.3953667581 8.717895 335.574
40.370803833 0.3939656913 8.757903 335.975
40.374622345 0.3938264847 8.797958 336.0061
40.3784141541 0.39321962 8.837993 336.0086
40.3812065125 0.3955156505 8.878007 336.0088
40.3834838867 0.3940924406 8.918031 336.0089
40.3873329163 0.3947274983 8.95822 336.0089
40.3891677856 0.393563658 8.998346 336.0089
40.3931427002 0.3932976723 9.038515 336.0089
40.396446228 0.3919719458 9.078624 336.0089
40.4000778198 0.3906203806 9.118758 336.0089
40.402759552 0.3933213353 9.158844 336.0089
40.4067687988 0.3939142227 9.198893 331.4757
40.4105491638 0.3944798112 9.238914 327.864
40.4104919434 0.3912905455 9.278915 327.6006
40.4104804993 0.3912350237 9.319076 327.5762
40.4104804993 0.3912350237 9.359264 327.5745
40.4102134705 0.389611721 9.399291 327.5744
40.4104309082 0.3856928945 9.439303 327.5744
40.4093971252 0.3820637465 9.479366 327.5744
40.4078407288 0.3795096874 9.519552 327.5744
40.408618927 0.3756437302 9.559679 327.5744
40.4120101929 0.3737168908 9.599699 327.5744
40.4111709595 0.3698186874 9.63973 327.5744
40.4104728699 0.3659624159 9.679908 327.5744
40.4086685181 0.3624631763 9.719934 327.5744
40.4061737061 0.3641358018 9.760121 327.5744
40.4038047791 0.3662205637 9.800245 327.5744
40.4001235962 0.3657631874 9.840298 340.7771
40.3964958191 0.3655978441 9.880425 342.6292
40.3957443237 0.3690978885 9.920524 342.7921
40.3926124573 0.3714863658 9.96053 342.8057
40.389793396 0.3738655448 10.00071 342.8067
40.3879051208 0.3771853149 10.04089 342.8068
40.3854980469 0.3802223206 10.08098 342.8068
40.3817214966 0.3815988302 10.12121 342.8068
40.3783836365 0.383423388 10.16123 342.8068
40.3746910095 0.3832913935 10.20128 342.8068
40.3733711243 0.3839168251 10.24135 350.8387
40.3736839294 0.387806952 10.2815 357.3341
40.3732376099 0.3913001716 10.3217 357.8202
40.3707122803 0.3930740952 10.3618 357.8542
40.3689613342 0.3927701116 10.40197 357.857
40.3664093018 0.3907977641 10.44212 357.8573
40.3626861572 0.3915702999 10.48212 357.8573
40.3586807251 0.3914272487 10.52232 357.8573
40.3566169739 0.3903326094 10.56255 357.8573
40.3566169739 0.39033252 10.6027 350.9264
40.3553390503 0.3896949589 10.64282 343.2017
40.352645874 0.3866031468 10.68292 342.605
40.3501739502 0.3835911453 10.72309 342.559
40.3484153748 0.3800773025 10.76315 342.5549
40.3467178345 0.3770432174 10.80337 342.5546
40.3462638855 0.3733035028 10.84343 342.5546
40.3471336365 0.3697697818 10.88361 342.5546
40.3474693298 0.3659796715 10.92366 342.5546
40.3474807739 0.3621102273 10.96381 342.5546
40.3476753235 0.3584226966 11.00382 351.4834
40.3468093872 0.3548717499 11.044 354.8261
40.3488883972 0.352399826 11.08411 355.1013
40.3518257141 0.3500579298 11.12431 355.1244
40.3552894592 0.3488453031 11.16436 355.126
40.3581161499 0.3474356532 11.20453 355.1261
40.3621063232 0.3479881585 11.24474 1.554432
40.3659095764 0.3470127881 11.2848 2.919214
40.3677864075 0.3442300558 11.32486 3.029045
40.366191864 0.3407719731 11.36504 3.038559
40.3640289307 0.3381516039 11.40517 0.4597366
40.3641815186 0.3346216083 11.44518 0.0147822
40.3666572571 0.335218668 11.48525 359.9813
40.3686714172 0.3377845287 11.52539 359.9785
40.3710098267 0.3406912088 11.56554 351.7155
40.3745346069 0.3412242532 11.60559 347.2464
40.375793457 0.3427380025 11.6457 346.89
40.3774490356 0.3401826322 11.68585 346.8618
40.3806266785 0.3378072679 11.72598 346.8593
40.3839836121 0.3361961246 11.76612 346.8592
40.3869400024 0.3342951834 11.80619 346.8592
40.3890419006 0.3317019939 11.84621 346.8592
40.3912315369 0.3285739422 11.88624 346.8592
40.392539978 0.3249162734 11.92635 346.2757
40.3938903809 0.3212662637 11.96647 345.5303
40.3951263428 0.320202738 12.00661 345.454
40.3975448608 0.3222360313 12.04671 345.4482
40.4002494812 0.319881171 12.0868 345.4476
40.4012527466 0.3178579509 12.12688 345.4476
40.4012527466 0.3178579509 12.16693 345.4476
40.4005813599 0.315584749 12.20705 345.4476
40.3970108032 0.3161360323 12.24722 345.4476
40.3943252563 0.3182578087 12.28732 345.4476
40.3933181763 0.3166407049 12.3274 345.4476
40.3901329041 0.3188173771 12.36752 345.4476
40.3871879578 0.3215002716 12.40764 345.4476
40.3845977783 0.3222023547 12.44783 345.4476
40.3814544678 0.322963357 12.48784 345.4476
40.3785018921 0.3244334161 12.52787 345.4476
40.3746528625 0.3240819573 12.56802 347.6726
40.3708992004 0.3251011074 12.60807 347.8991
40.3670463562 0.3254763186 12.64825 347.9187
40.363609314 0.3271701038 12.68827 347.9203
40.3622436523 0.3300395906 12.72847 347.9204
40.3598327637 0.3309889734 12.76865 347.9204
40.3569297791 0.3284063041 12.80867 347.9204
40.3533782959 0.3268963993 12.84885 347.9204
40.3496513367 0.3262082338 12.88902 347.9204
40.3457450867 0.3255192935 12.92905 347.9204
40.3420677185 0.324298352 12.9692 347.9204
40.3382453918 0.3240666389 13.00935 347.1493
40.334438324 0.3235889077 13.04941 347.0672
40.3307304382 0.3222408295 13.08954 347.0607
40.3285675049 0.3188211322 13.12966 347.0601
40.3258552551 0.3163873851 13.16972 347.0601
40.3227767944 0.3140853941 13.20984 347.0601
40.3192672729 0.3153063655 13.24999 347.0601
40.3173866272 0.3189930618 13.29016 347.0601
40.3186721802 0.3224112093 13.33041 347.0601
40.3199615479 0.3260046244 13.37045 347.0601
40.3212280273 0.3296673298 13.41052 347.0601
40.3239936829 0.3324239552 13.45057 347.0601
40.3265113831 0.3352835774 13.49066 347.0601
40.3273048401 0.3390764892 13.53075 347.0601
40.326713562 0.3428348601 13.57082 347.0601
40.3260536194 0.3467161059 13.6109 333.2315
40.324962616 0.3505889177 13.65109 331.9493
40.3241348267 0.3544598222 13.69118 331.8376
40.3242454529 0.3581936955 13.73132 331.8295
40.3251457214 0.3621360064 13.77134 331.8289
40.3261108398 0.3658849597 13.81136 331.8288
40.3267936707 0.3695877194 13.85157 331.8288
40.3269805908 0.3728146255 13.89173 331.8288
40.3275794983 0.3767024577 13.93174 331.8288
40.328956604 0.3802284896 13.97186 331.8288
40.3307113647 0.3836334944 14.01202 331.8288
40.3337745667 0.3864680231 14.05221 331.8288
40.3370399475 0.3883880377 14.0924 331.9599
40.3390693665 0.3901896775 14.13246 340.9567
40.3390693665 0.3901896775 14.17251 341.8003
40.3390693665 0.3901896775 14.21258 341.8561
40.3403663635 0.3933468461 14.25259 341.861
40.3432350159 0.3947136104 14.29266 341.8615
40.3469924927 0.3944256604 14.33273 341.8615
40.3506164551 0.3953259885 14.37275 335.506
40.3543434143 0.3965892494 14.41282 335.0266
40.3545913696 0.3966239095 14.43371 334.994
