41.3383712769 -0.2141725272 14.78069 357.8527
41.3418960571 -0.213508293 14.82087 357.8527
41.3453941345 -0.213630259 14.86094 357.8527
41.345413208 -0.2137267739 14.90101 357.8527
41.345413208 -0.2137267739 14.94128 357.8527
41.3463592529 -0.2130081952 14.98148 357.8527
41.3493118286 -0.2115366012 15.02166 6.176088
41.3498306274 -0.2077343762 15.06169 6.875766
41.3535232544 -0.2070226967 15.10186 6.923642
41.3554267883 -0.2097967863 15.14207 6.92758
41.3592758179 -0.2105066478 15.18218 6.9279
41.3616752625 -0.2131154835 15.22222 6.927931
41.3633651733 -0.2155960351 15.26232 6.927933
41.3627967834 -0.2190998495 15.30243 6.927932
41.3621940613 -0.2229520977 15.34262 6.927931
41.3604240417 -0.2259172201 15.38269 6.92793
41.3596572876 -0.2292487323 15.4227 6.927934
41.3598747253 -0.2332263142 15.46282 6.927931
41.360168457 -0.2365420461 15.50286 6.927936
41.3589706421 -0.2397746295 15.54295 14.84641
41.3610801697 -0.2425679266 15.583 16.36082
41.3619613647 -0.2459676862 15.62302 16.48151
41.3613891602 -0.2498477399 15.66312 16.49087
41.3602294922 -0.2514186203 15.70316 16.49155
41.3598899841 -0.2522210479 15.74331 16.49162
41.3587837219 -0.2545895278 15.78335 16.49162
41.3581428528 -0.2569693923 15.82336 16.49162
41.3599052429 -0.2561818659 15.86355 16.49162
41.3617553711 -0.2540584803 15.90362 16.49162
41.363193512 -0.2516151071 15.94363 10.81131
41.3633308411 -0.2533712089 15.98376 7.973295
41.3620452881 -0.2573680282 16.02388 7.709406
41.3587608337 -0.2595210075 16.06405 7.690244
41.3550720215 -0.2597809434 16.10425 7.688873
41.3522758484 -0.2599718869 16.14433 7.688772
41.3484840393 -0.2596104443 16.18451 7.688761
41.3475646973 -0.258880049 16.22454 7.68876
41.3448295593 -0.2569200695 16.26469 7.688763
41.3440971375 -0.2540560663 16.30474 7.688761
41.3431282043 -0.2504579127 16.34486 7.688761
41.3426551819 -0.2469455898 16.38509 7.568705
41.3400878906 -0.2439216822 16.4251 7.555625
41.3366127014 -0.24305664 16.46526 7.554642
41.3343925476 -0.2461152375 16.50527 7.55456
41.3312568665 -0.2480723262 16.54547 7.554556
41.3278770447 -0.2469883114 16.58571 356.7913
41.3266525269 -0.2490597814 16.62572 352.6159
41.3247642517 -0.2499255389 16.66576 352.2869
41.3270225525 -0.2529626489 16.70588 352.255
41.3234863281 -0.2519831359 16.74594 352.2526
41.3230781555 -0.248741433 16.78612 352.2524
41.3200035095 -0.2471278757 16.82612 352.2524
41.3167648315 -0.246999532 16.86617 352.2524
41.3145751953 -0.2449913174 16.90636 352.2524
41.3157348633 -0.2431794107 16.94636 352.2524
41.3162155151 -0.2399509251 16.98649 352.2524
41.3167190552 -0.2367507666 17.02654 352.2524
41.3178138733 -0.2331922948 17.06655 5.87115
41.3180046082 -0.2296756655 17.10675 7.301231
41.3207168579 -0.2274408191 17.14688 7.421081
41.3230247498 -0.2247277051 17.18705 7.429987
41.3248901367 -0.2213145792 17.22709 7.430646
41.3278541565 -0.2189636528 17.26723 7.430699
41.3314933777 -0.217933163 17.30727 7.430705
41.334903717 -0.2160437703 17.34747 7.430704
41.3380661011 -0.2144756466 17.38747 7.430701
41.3418312073 -0.2134189308 17.42766 7.430705
41.3449783325 -0.2130970359 17.46781 7.430706
41.3449821472 -0.2130971253 17.49801 10.63587
