40.90543 0.22252
40.90619 0.22466
40.90865 0.22478
40.91167 0.22356
40.91386 0.22262
40.91472 0.22497
40.91572 0.22785
40.91555 0.22967
40.91453 0.2296
40.91374 0.22833
40.9151 0.23009
40.91678 0.23029
40.91868 0.22882
40.91966 0.22652
40.92071 0.22704
40.92222 0.22675
40.9238 0.22629
40.92471 0.22512
40.92632 0.22454
40.92761 0.22447
40.92794 0.22587
40.92875 0.22656
40.9304 0.22569
40.93211 0.22487
40.93328 0.22337
40.93554 0.22149
40.93738 0.21947
40.93817 0.21727
40.93935 0.21574
40.93994 0.21339
40.94034 0.2109
40.94034 0.20864
40.94048 0.20703
40.94003 0.20525
40.93967 0.20405
40.93894 0.20403
40.93754 0.20191
40.93544 0.20148
40.9323 0.20179
40.931 0.2028
40.92819 0.20147
40.9254 0.20342
40.92329 0.20598
40.92213 0.20738
40.92186 0.20623
40.9204 0.20602
40.9185 0.2057
40.91756 0.20539
40.91564 0.20483
40.91405 0.20266
40.91126 0.20205
40.90828 0.2027
40.9055 0.20454
40.90342 0.2059
40.90216 0.20624
40.90199 0.20812
40.90184 0.21003
40.90179 0.21189
40.9023 0.21368
40.90338 0.21502
40.9038 0.21591
