Day: 283
40.711227417 0.7285929322 14.26901 62.67559
40.7102165222 0.7291263938 14.30924 62.67565
40.7094650269 0.7312948704 14.3494 62.67566
40.7094192505 0.7335662842 14.38969 62.67566
40.709022522 0.7370141745 14.42971 62.67566
40.7080535889 0.741310358 14.46971 62.65523
40.7105407715 0.742513001 14.50996 61.93088
40.7139816284 0.7433033586 14.55022 61.87514
40.7184295654 0.7450272441 14.59046 61.87075
40.7226524353 0.7469230294 14.6306 61.87038
40.7256393433 0.7505161762 14.67082 61.87037
40.726234436 0.7547314763 14.71091 61.87035
40.7290611267 0.7569687366 14.75094 61.87035
40.7322463989 0.7581119537 14.79102 61.87036
40.7356109619 0.7593737245 14.83111 61.87036
40.7403907776 0.759290874 14.87122 61.87036
40.7420539856 0.7563809752 14.9114 61.87036
40.740814209 0.7523582578 14.95147 61.87035
40.7375793457 0.7496425509 14.99154 61.87035
40.7332344055 0.7509174347 15.03178 61.87036
40.7299842834 0.7481324077 15.0721 67.12047
40.7262306213 0.7456218004 15.11206 69.55422
40.7227859497 0.742836237 15.15223 69.74415
40.7201805115 0.7398194075 15.19252 69.75925
40.7235908508 0.7391269803 15.23279 69.76033
40.7272033691 0.7396321893 15.27287 69.76041
40.7247543335 0.7371052504 15.31297 69.76042
40.7219772339 0.7358050346 15.35277 69.76042
40.7177314758 0.736372292 15.39286 69.76043
40.7130851746 0.7365944982 15.43289 62.62525
40.7120475769 0.7388742566 15.47295 61.70155
40.7093887329 0.7400621772 15.51322 61.63324
40.709777832 0.7374284863 15.55324 61.62761
40.7107696533 0.7349491715 15.59332 61.62713
40.7117500305 0.7308908105 15.63362 61.62709
40.711265564 0.7285372615 15.67386 61.62709
40.710811615 0.7287956476 15.70327 61.6271
