40.7110176086 0.7287049294 8.085714 93.33791
40.7104377747 0.7268642783 8.125966 93.33792
40.7106208801 0.7232354283 8.165988 93.33792
40.7103614807 0.7194752097 8.205999 93.33792
40.7105789185 0.7154250145 8.246215 101.1279
40.7135696411 0.7148547769 8.286386 105.9781
40.7172584534 0.7157320976 8.326571 106.3426
40.7208480835 0.7164883614 8.366706 106.3738
40.7243499756 0.7168952227 8.406915 106.3764
40.7273826599 0.7186596394 8.447235 106.3766
40.7302055359 0.7214366198 8.487262 106.3766
40.7332763672 0.7233641148 8.52741 106.3766
40.7364234924 0.7217296958 8.56761 106.3766
40.7395782471 0.7198699713 8.607768 106.3766
40.7433280945 0.7179822922 8.647926 106.3766
40.7465133667 0.7183330059 8.688061 106.3766
40.7473754883 0.7224635482 8.728235 106.3766
40.7472839355 0.7260074615 8.768254 106.3766
40.7479934692 0.7298611403 8.808449 106.3766
40.7499961853 0.7330254912 8.848488 119.2213
40.752494812 0.736093998 8.888619 121.5184
40.754940033 0.7392377257 8.928769 121.7297
40.7573661804 0.7422245145 8.968853 121.7443
40.7593002319 0.7454978824 9.009037 121.7455
40.7607879639 0.7486450076 9.049132 121.7456
40.7614593506 0.7517628074 9.089188 121.7456
40.7613296509 0.7557251453 9.129333 121.7456
40.7601928711 0.7593026161 9.169333 121.7456
40.7593765259 0.7631902695 9.209551 121.7456
40.7585411072 0.7669819593 9.249736 109.7694
40.7583465576 0.7707614899 9.289829 106.9523
40.7581176758 0.7748441696 9.329841 106.7245
40.7576370239 0.7786667943 9.369843 106.7066
40.7568244934 0.7824650407 9.40985 106.7051
40.7542381287 0.7855209708 9.450047 106.705
40.7507324219 0.7868598104 9.490289 106.705
40.7472991943 0.7871670723 9.530421 106.705
40.7434043884 0.7868551612 9.57061 106.705
40.7397537231 0.7853999138 9.610706 106.705
40.7365531921 0.7831015587 9.650719 106.705
40.7334060669 0.7808363438 9.690747 106.705
40.7305870056 0.7781501412 9.730831 109.5362
40.7275009155 0.7759090662 9.771082 112.6081
40.7274703979 0.7758936882 9.811089 112.8298
40.7274703979 0.7758936882 9.851211 112.8501
40.7246246338 0.774535358 9.891306 112.8516
40.7207527161 0.7740269303 9.931506 112.8518
40.7168464661 0.774160862 9.971528 112.8518
40.713142395 0.7727492452 10.01174 112.8518
40.7108345032 0.7695999742 10.0518 112.8518
40.7089157104 0.7662578821 10.09184 112.8518
40.7080154419 0.7626459002 10.13187 112.8518
40.7071495056 0.7588490844 10.17196 112.8518
40.7049179077 0.7566084266 10.21197 112.8518
40.7013816833 0.7571419477 10.252 112.8518
40.6997947693 0.7535339594 10.2922 114.5553
40.6996498108 0.749892652 10.33248 119.1373
40.7003936768 0.74608922 10.37263 119.5241
40.7029571533 0.7432222962 10.41277 119.5557
40.705619812 0.7406334281 10.45294 119.5587
40.7074241638 0.737488091 10.49299 119.5589
40.708656311 0.7338165045 10.53305 119.5589
40.7094535828 0.7303666472 10.57315 119.559
40.7110481262 0.7287694216 10.61325 119.5589
40.7110481262 0.7287694216 10.61492 119.5589
