40.7000198364 0.7306368351 14.43578 119.9737
40.6991882324 0.7334743738 14.47608 119.9735
40.6973648071 0.7369030714 14.51627 119.9734
40.694519043 0.7394666076 14.55647 119.9735
40.6915130615 0.7417131066 14.59661 119.9734
40.6883544922 0.7438931465 14.63667 119.9735
40.6846199036 0.7453964949 14.67691 119.9735
40.680683136 0.7446027994 14.717 119.9735
40.6812553406 0.7409453392 14.7572 119.9735
40.6828193665 0.7377582192 14.79729 119.9735
40.685131073 0.7347747684 14.83736 127.9447
40.6876564026 0.7318912148 14.87769 133.9502
40.6904182434 0.7292816639 14.91772 134.4122
40.693572998 0.7276618481 14.95775 134.4449
40.6974029541 0.7278625965 14.99796 134.4478
40.7000160217 0.730050683 15.03814 134.448
40.6991882324 0.7338747978 15.07834 134.448
40.6979408264 0.7363603115 15.11854 144.9937
40.6979408264 0.7363603115 15.12708 146.4293
