40.7048034668 0.7115045786 15.43045 148.7019
40.7028274536 0.7087529302 15.47047 148.7019
40.7011909485 0.7052950263 15.51052 148.7019
40.6995277405 0.7019773722 15.55064 148.7019
40.6995239258 0.6982666254 15.59071 135.9895
40.7018814087 0.6952667832 15.63095 133.7865
40.7055625916 0.6951421499 15.67102 133.6226
40.7076301575 0.6988252997 15.7112 133.6094
40.7083206177 0.7024867535 15.75123 133.6084
40.7087860107 0.7062350512 15.79138 133.6083
40.7079315186 0.7094829082 15.83143 133.6083
40.7079315186 0.7094831467 15.87155 133.6083
40.7073402405 0.7101604939 15.91168 133.6083
40.7041473389 0.7106543779 15.95185 133.6083
40.7030334473 0.7090887427 15.98442 131.8776
