40.35024 0.60605
40.35207 0.60525
40.35405 0.60256
40.35167 0.60113
40.3485 0.60187
40.34524 0.60242
40.34174 0.60145
40.33906 0.59925
40.33638 0.5968
40.33374 0.59459
40.33229 0.59162
40.32978 0.58922
40.32672 0.58764
40.32324 0.58756
40.31986 0.58808
40.31672 0.58971
40.31398 0.59191
40.3113 0.59427
40.30844 0.59639
40.30548 0.59614
40.30381 0.59922
40.30193 0.60202
40.29994 0.60497
40.29729 0.60724
40.29526 0.61009
40.29375 0.61321
40.2919 0.61611
40.2946 0.61614
40.29792 0.61478
40.30092 0.61291
40.30385 0.61092
40.30689 0.60893
40.30987 0.60698
40.31281 0.60496
40.3158 0.6032
40.3189 0.60213
40.32236 0.60163
40.32553 0.60274
40.3285 0.6048
40.3318 0.60609
40.33514 0.60732
40.33868 0.60771
40.3423 0.60768
40.34555 0.60803
40.34852 0.60668
40.35091 0.6054
