40.32694 0.61603
40.32577 0.61368
40.32295 0.61137
40.31975 0.60982
40.31631 0.61036
40.3128 0.61122
40.30945 0.61262
40.30625 0.61429
40.30335 0.61628
40.3006 0.61863
40.29819 0.62118
40.29639 0.62425
40.29472 0.62708
40.29376 0.62989
40.2942 0.63328
40.29454 0.63686
40.29508 0.64014
40.29606 0.64339
40.29735 0.64646
40.2987 0.64971
40.30018 0.65269
40.30165 0.65549
40.30285 0.65873
40.30412 0.66205
40.30601 0.66467
40.30892 0.66683
40.31209 0.66803
40.3148 0.66671
40.31738 0.66436
40.32015 0.66228
40.32307 0.66114
40.32593 0.65965
40.3281 0.65721
40.33006 0.65436
40.33205 0.65164
40.33375 0.64858
40.33486 0.64558
40.33334 0.64353
40.33564 0.64141
40.33745 0.63783
40.33742 0.63608
40.33387 0.63424
