40.5415153503 0.7942315936 9.87087 17.67798
40.540184021 0.7975036502 9.910995 14.71388
40.5374221802 0.8011417389 9.951066 14.47312
40.5341148376 0.8038152456 9.991242 14.45051
40.5332603455 0.80706954 10.03137 14.44906
40.5305938721 0.8093832731 10.07147 14.44891
40.5306663513 0.8125953078 10.11152 27.91377
40.5306167603 0.8160257339 10.15161 29.48824
40.5307121277 0.8192166686 10.1917 29.60818
40.5323257446 0.8226792812 10.23184 29.61826
40.5353279114 0.825118959 10.27204 29.61901
40.5381965637 0.8241254687 10.31223 29.61907
40.5402755737 0.8210573196 10.35246 29.61908
40.5422286987 0.81781286 10.39262 29.61908
40.5459442139 0.8168456554 10.43274 29.61908
40.5491600037 0.8148290515 10.47282 29.61908
40.5527877808 0.8139964342 10.5129 29.61908
40.5561904907 0.8133268952 10.55292 29.61908
40.5598754883 0.8131498694 10.59311 29.61907
40.5633773804 0.8137732744 10.63321 29.61908
40.566280365 0.8160355687 10.67324 40.25291
40.5692520142 0.8187754154 10.71342 43.24218
40.5726585388 0.8204807639 10.75357 43.52356
40.575378418 0.8230113983 10.79363 43.54383
40.5782203674 0.8254395127 10.83375 43.54527
40.5809516907 0.8278072476 10.87377 44.4449
40.5831336975 0.8312658072 10.91391 45.79285
40.585105896 0.834469378 10.95393 45.89476
40.5870285034 0.8378181458 10.99403 45.90212
40.5888519287 0.8408365846 11.03407 45.90274
40.5895347595 0.8411167264 11.0741 45.9028
40.592048645 0.8398886323 11.11421 44.14394
40.5944519043 0.8432319164 11.15425 43.94302
40.5933647156 0.8469430208 11.1943 43.92783
40.5907020569 0.845772326 11.23441 43.92667
40.591003418 0.8497504592 11.27442 43.92657
40.5910072327 0.849767983 11.31456 43.92656
40.5911636353 0.8504284024 11.35472 43.92656
40.5923881531 0.8535948396 11.39475 43.92656
40.5923805237 0.8568989038 11.43485 43.92657
40.592540741 0.8581981063 11.47506 43.92657
40.592540741 0.8581981063 11.48471 43.92656
40.5922470093 0.8585170507 11.76622 28.58263
40.5896873474 0.8604000211 11.80629 28.58262
40.586315155 0.8620388508 11.84641 28.5826
40.5825386047 0.8628031015 11.88643 28.5826
40.5791168213 0.8629381657 11.92663 28.58261
40.5753326416 0.8637815118 11.96683 28.5826
40.5716972351 0.8644194603 12.00694 28.5826
40.5682830811 0.8635156155 12.04697 28.5826
40.5648269653 0.8649958372 12.0871 29.69591
40.5620002747 0.8671788573 12.12727 29.89886
40.5585327148 0.8678537607 12.16745 29.91735
40.5550842285 0.8694344759 12.20754 29.91879
40.5513038635 0.8692795634 12.24771 29.91889
40.5472831726 0.8694192767 12.28778 29.9189
40.5438156128 0.8695616722 12.32782 29.9189
40.5416259766 0.8669574261 12.36784 29.9189
40.5384902954 0.8648088574 12.40786 29.9189
40.5352020264 0.8624908924 12.44801 29.9189
40.5329399109 0.8594709039 12.48819 29.9189
40.5306549072 0.8562057018 12.52826 29.91889
40.5288200378 0.8528520465 12.56833 23.34326
40.5259780884 0.8499160409 12.60837 22.70129
40.5237617493 0.8466853499 12.64839 22.65119
40.5220832825 0.8435390592 12.68845 22.64701
40.5220794678 0.8435346484 12.72848 36.23845
40.520980835 0.8423431516 12.76851 37.45412
40.5204429626 0.8387920856 12.80866 37.56928
40.51820755 0.8357873559 12.84867 37.57727
40.5157012939 0.8325397968 12.88883 37.57792
40.5140304565 0.8291639686 12.92901 37.57796
40.5118141174 0.8256705999 12.96918 37.57796
40.5098991394 0.8224138618 13.00938 37.57796
40.5082626343 0.8189929724 13.04951 37.57797
40.506061554 0.8157599568 13.0896 37.57797
40.5042953491 0.8123654127 13.12968 37.57796
40.5034179688 0.8091257215 13.16977 32.39098
40.5022125244 0.8051609397 13.20983 31.96846
40.5009613037 0.8015512228 13.24986 31.93569
40.4998970032 0.7981312871 13.29006 31.93277
40.4997520447 0.7947921753 13.33008 31.93252
40.4998245239 0.7947450876 13.35262 31.9325
40.5002288818 0.792275548 14.02336 27.96411
40.5007171631 0.791618228 14.06364 28.52936
40.5027770996 0.7882528901 14.10368 28.57337
40.5044250488 0.7849548459 14.1438 28.57663
40.5065536499 0.7819935679 14.18399 28.57688
40.5081176758 0.7790493965 14.22403 28.57691
40.5096969604 0.7754523158 14.26412 28.5769
40.5111579895 0.7720001936 14.30433 40.76249
40.512588501 0.7682589889 14.34445 42.54934
40.5131072998 0.7646548748 14.3846 42.67181
40.514339447 0.7610040903 14.42484 42.68229
40.5161056519 0.7577403188 14.46505 42.68321
40.5183563232 0.7545105219 14.50529 42.68328
40.517578125 0.7506145835 14.54546 42.68328
40.5169906616 0.7466029525 14.5856 42.68329
40.5170974731 0.742650032 14.62567 49.08859
40.5160751343 0.7389323711 14.66567 57.37901
40.5160713196 0.7389221787 14.67921 57.73566
40.5162239075 0.7385722995 14.99313 54.02015
40.5161209106 0.7354379296 15.03321 54.02002
40.5127029419 0.7331911922 15.07345 54.02001
40.5107574463 0.7316060066 15.11355 57.85332
40.5092887878 0.7281365991 15.15357 59.7291
40.507484436 0.7253671288 15.19363 59.8605
40.5049705505 0.7222436666 15.23353 59.8709
40.5047035217 0.7186413407 15.27358 59.87189
40.5078163147 0.7167702913 15.31367 59.87196
40.5118179321 0.7176270485 15.35379 59.87196
40.5145263672 0.7203612328 15.39407 59.87196
40.5166168213 0.723413527 15.43408 59.87196
40.5182647705 0.7270305753 15.47414 59.87197
40.5201835632 0.7302579284 15.51419 59.87197
40.5228462219 0.7332112193 15.55421 61.24706
40.5251197815 0.7349564433 15.59432 61.36313
40.5274276733 0.7378073335 15.63447 61.37339
40.530960083 0.7398401499 15.67448 61.37433
40.534034729 0.7418173552 15.71463 61.37439
40.5365943909 0.7439233065 15.7548 61.3744
40.5397071838 0.7457340956 15.79485 61.3744
40.5430030823 0.7468658686 15.83499 61.08913
40.5455589294 0.7497001886 15.87502 56.79363
40.5457801819 0.7538894415 15.91507 56.47051
40.5445175171 0.7572309375 15.95516 56.44581
40.5432510376 0.7610065937 15.99532 56.44362
40.5421066284 0.7648199797 16.0354 56.44344
40.540977478 0.7687159181 16.07554 56.44342
40.5402641296 0.7723035216 16.11574 56.44342
40.5412902832 0.7760834694 16.1559 56.44341
40.541431427 0.779955864 16.196 56.44342
40.5417022705 0.7837855816 16.2362 56.44342
40.5414962769 0.7878177166 16.27642 56.44343
40.5410041809 0.7916548848 16.31656 56.44342
40.5415306091 0.7939636707 16.35673 67.7657
40.5415306091 0.7939636707 16.35725 67.83233
