40.4987373352 0.710003674 16.18529 35.33381
40.4957199097 0.7091496587 16.22544 35.33381
40.4953765869 0.7129493952 16.26551 35.33379
40.4938964844 0.7166612148 16.30573 35.3338
40.4936523438 0.7199547291 16.34602 35.3338
40.4942092896 0.72018677 16.38625 35.3338
40.4967689514 0.7177943587 16.42651 38.36645
40.4994659424 0.716768682 16.46678 47.89861
40.5010871887 0.7159540653 16.5068 48.69336
40.5015602112 0.7141148448 16.54682 48.74973
40.5002441406 0.7116304636 16.58742 48.75475
40.4999732971 0.7113012671 16.60766 48.75502
