Day: 287
40.5365753174 0.7005572319 10.59772 91.30986
40.5342292786 0.7002076507 10.63787 91.29041
40.5329780579 0.6974064708 10.67804 91.28867
40.5304298401 0.7002655864 10.71818 91.28854
40.5286254883 0.7038143277 10.75837 91.28853
40.5262451172 0.7050331831 10.7986 91.28853
40.524230957 0.7028673887 10.83872 91.28853
40.5228118896 0.6992552876 10.87875 91.28853
40.5196876526 0.696882844 10.919 91.28853
40.5158920288 0.6954757571 10.95912 88.41055
40.5118522644 0.6951446533 10.99924 87.7182
40.5097961426 0.6979695559 11.0394 87.6598
40.5113258362 0.7015938759 11.07958 87.65514
40.5135574341 0.7048220634 11.11978 87.65483
40.5166778564 0.7070704103 11.16005 87.65481
40.5205001831 0.7076052427 11.20024 87.6548
40.5237007141 0.7079401016 11.24027 87.6548
40.5261459351 0.7076966763 11.28047 87.6548
40.5259208679 0.7057289481 11.3205 87.6548
40.525478363 0.704082191 11.36079 79.18349
40.5254020691 0.7032681704 11.40085 72.84341
40.5254020691 0.7032681704 11.41397 72.54068
40.5281181335 0.7042118907 11.481 72.26577
40.5293693542 0.7070056796 11.52103 75.37908
40.5322532654 0.7096332312 11.56117 76.87648
40.5337867737 0.7128739953 11.60128 76.995
40.5335540771 0.7161942124 11.64155 77.00388
40.5359115601 0.718731761 11.68166 77.00452
40.5378761292 0.7223941088 11.72167 77.00459
40.5406570435 0.7209792137 11.76187 77.00459
40.5424842834 0.7179026604 11.80215 77.00459
40.5433959961 0.7139774561 11.8422 77.00459
40.5423622131 0.7100130916 11.88238 77.0046
40.5400695801 0.7073616385 11.9225 77.00459
40.5367622375 0.7056833506 11.96267 77.00459
40.5341682434 0.7029724121 12.0027 74.83462
40.5335617065 0.6993766427 12.04271 73.70601
40.5324668884 0.6979687214 12.08283 73.61617
40.5324668884 0.6979687214 12.08755 73.61409
