40.5461273193 0.7071834803 12.43375 63.40812
40.5458030701 0.7088574171 12.47387 62.75048
40.5465812683 0.7118436694 12.51391 62.70571
40.5489692688 0.7144462466 12.55394 62.70204
40.5515670776 0.7156609297 12.59398 49.26849
40.5546073914 0.7177401781 12.63406 47.6489
40.5579948425 0.7194577456 12.6741 47.51091
40.5620956421 0.7199933529 12.71421 47.49929
40.5635490417 0.7168156505 12.75442 47.49843
40.5618591309 0.713252604 12.79458 47.49834
40.5593109131 0.7102375627 12.83464 47.49833
40.5563621521 0.7077544332 12.87491 47.49832
40.5532722473 0.7056156993 12.91507 47.49835
40.5518417358 0.7033535838 12.95531 47.49835
40.5516891479 0.7024922967 12.99548 47.49834
40.5514183044 0.7031528354 13.03569 47.49834
40.5484771729 0.7046137452 13.07584 47.49835
40.5460090637 0.707721889 13.11593 47.49834
40.5458946228 0.7088012695 13.14635 47.49834
