40.4955062866 0.7237936258 17.5593 67.94034
40.496547699 0.7266040444 17.59955 67.9406
40.4952850342 0.728456676 17.63956 67.94062
40.4928283691 0.7312903404 17.67969 67.94061
40.4893760681 0.7324323058 17.71975 67.94064
40.4857139587 0.7309429049 17.75998 67.94061
40.4837989807 0.7274950147 17.80005 67.94061
40.484916687 0.7241844535 17.84015 67.94062
40.4887809753 0.7239712477 17.88027 67.94062
40.4927177429 0.7240576148 17.92039 67.94062
40.4960861206 0.7249343395 17.9606 67.94062
40.4972419739 0.7284378409 18.00073 67.94062
40.4966316223 0.7286732793 18.02843 67.29559
