Day: 289
40.5501708984 0.8002775908 17.04527 76.99183
40.5498085022 0.8030124903 17.08544 76.99183
40.5514793396 0.8055752516 17.12571 76.99183
40.5547103882 0.8057231307 17.16575 76.99182
40.5581054688 0.8050067425 17.20595 76.99183
40.5611991882 0.8028919101 17.24607 76.99182
40.5639266968 0.8005149961 17.28614 84.15366
40.5671653748 0.7986268401 17.32635 91.05504
40.5701370239 0.7961153388 17.36642 91.51965
40.5731544495 0.7938660979 17.40664 91.55283
40.5765190125 0.7916941047 17.44669 91.55604
40.5796051025 0.789909184 17.48687 91.55627
40.5821685791 0.7872302532 17.52695 91.55629
40.5848274231 0.7844654918 17.56708 91.55629
40.5870513916 0.7813976407 17.60713 91.55629
40.5885314941 0.7779350877 17.64715 91.55629
40.5895881653 0.7739380002 17.6873 91.55629
40.5903816223 0.7699046135 17.72744 91.55629
40.5910415649 0.7660710216 17.7676 91.55629
40.5918426514 0.7622604966 17.8076 101.9003
40.5908508301 0.7585621476 17.84777 106.6383
40.5910644531 0.7546703815 17.88786 106.9439
40.5911560059 0.7510819435 17.92797 106.9681
40.5900421143 0.7473642826 17.96815 106.9698
40.5899810791 0.7438382506 18.00826 106.97
40.5874633789 0.7412801981 18.04831 106.97
40.5853767395 0.739336431 18.0885 106.97
40.5815849304 0.7384329438 18.12866 106.97
40.5780639648 0.7380773425 18.16888 106.97
40.5742454529 0.7379491925 18.20912 106.97
40.5703353882 0.7375914454 18.24934 106.97
40.5664405823 0.7371745706 18.28951 106.97
40.5641403198 0.7349845171 18.32971 106.97
40.5636329651 0.7337246537 18.36975 106.97
40.5622634888 0.7333360314 18.4098 107.3966
40.5612106323 0.7342581153 18.44994 108.3458
40.5580673218 0.7331478 18.49002 108.4172
40.5579299927 0.7296001315 18.53008 108.4231
40.5579185486 0.725628078 18.57022 108.4236
40.555103302 0.72353369 18.61028 108.4236
40.55210495 0.7238417864 18.65032 108.4236
40.5520858765 0.7238621712 18.66451 108.4236
40.5520858765 0.7238621712 18.69374 100.1936
40.5505485535 0.7264509797 18.7338 98.04737
40.5496826172 0.7300351858 18.77382 97.86607
40.5492553711 0.7333722711 18.81408 97.85038
40.5512275696 0.7359833717 18.85411 97.84921
40.5514183044 0.7382312417 18.89429 97.84912
40.5510139465 0.7422741055 18.93433 97.84911
40.5508117676 0.746034205 18.97454 97.84911
40.5521812439 0.7491489649 19.01485 97.84911
40.5528068542 0.7527140975 19.05507 97.84911
40.5533218384 0.7562220693 19.0952 97.84911
40.554309845 0.7601791024 19.13534 97.84911
40.5552444458 0.7639750242 19.17552 97.84911
40.5560112 0.7676946521 19.21564 97.84911
40.5565338135 0.7709761858 19.25577 97.84911
40.5568199158 0.7747738957 19.29599 97.84911
40.5570030212 0.7786211371 19.33604 96.92832
40.5578651428 0.7821497321 19.37605 96.82415
40.5562515259 0.7854665518 19.41608 96.81709
40.5550193787 0.7889506221 19.45615 96.81651
40.553314209 0.7922577262 19.49624 96.81647
40.5513877869 0.7949658632 19.53642 96.81647
40.5502967834 0.7980497479 19.57651 96.81647
40.5496711731 0.8018351197 19.61654 96.81647
40.5495758057 0.8026579022 19.64538 96.81647
