40.6217193604 0.788204968 10.5097 124.6015
40.6191444397 0.787694037 10.54971 124.5822
40.6162338257 0.7862865329 10.58983 123.094
40.6166419983 0.7824655175 10.63005 121.455
40.6183738708 0.7790542245 10.67007 121.3486
40.621673584 0.7774926424 10.71011 121.3404
40.6252288818 0.7784016132 10.75026 121.3397
40.626701355 0.7819461226 10.79045 121.3396
40.6247062683 0.7851326466 10.83058 121.3396
40.6221199036 0.7874794006 10.8706 121.3396
40.6192817688 0.7877840996 10.91073 121.3396
40.6192550659 0.7877625227 10.92508 121.3396
