40.608581543 0.823571682 8.831314 116.849
40.6099777222 0.8264812827 8.871381 117.1165
40.6132278442 0.8285752535 8.911404 117.1421
40.6164321899 0.8296449184 8.951475 117.1441
40.6197357178 0.8278670311 8.991539 117.1443
40.6201477051 0.8239529729 9.031676 117.1443
40.6173706055 0.8217234015 9.071808 117.1443
40.6139373779 0.8198459148 9.112021 117.1443
40.6104507446 0.8211969137 9.152068 117.1443
40.6092758179 0.8224841356 9.19234 117.1443
40.6092758179 0.8224841356 9.193988 117.1443
