Day: 290
40.5915260315 0.7981345654 7.755407 98.37016
40.5893058777 0.7981564403 7.795504 98.37016
40.5875701904 0.8000249267 7.835649 98.37016
40.5849075317 0.8016613722 7.875759 98.37016
40.5816802979 0.80181247 7.915838 98.37016
40.5786323547 0.8003393412 7.956058 98.37016
40.5781097412 0.7964349985 7.99621 98.37016
40.5801849365 0.7931157351 8.036211 98.37016
40.5840301514 0.7922374606 8.076284 95.91453
40.5871162415 0.7936654687 8.11634 88.64429
40.5882606506 0.7964595556 8.156365 87.96849
40.5913124084 0.7943974733 8.196534 87.90945
40.5932998657 0.7967929244 8.236764 87.90483
40.5900382996 0.7985712886 8.276814 87.90446
40.5877342224 0.799682498 8.316973 87.90443
40.5855789185 0.8011473417 8.357203 87.90443
40.5853614807 0.8013133407 8.378194 87.90443
