40.6627578735 0.7865035534 11.84362 142.2602
40.659992218 0.7883342505 11.88381 142.2602
40.6577911377 0.791469872 11.92386 142.2602
40.6593933105 0.7948740721 11.96409 142.2602
40.6627883911 0.7963865399 12.0043 142.2602
40.6662979126 0.7951808572 12.04432 142.2602
40.6695365906 0.7928110361 12.08457 142.2602
40.6686134338 0.7887725234 12.12463 133.2268
40.6662025452 0.7867937088 12.16466 127.4794
40.6624412537 0.7865914702 12.20466 126.9997
40.6623039246 0.7866207361 12.22163 126.9673
