Day: 129
39.93792 1.16789
39.93733 1.16465
39.93656 1.16081
39.93609 1.157
39.93658 1.15381
39.93643 1.15039
39.93572 1.14695
39.9345 1.14349
39.93467 1.14016
39.9358 1.13677
39.93738 1.13423
39.93763 1.13077
39.93552 1.12963
39.93216 1.13012
39.92954 1.13107
39.92784 1.131
39.92562 1.13251
39.92305 1.13451
39.92016 1.13613
39.91746 1.13722
39.91411 1.13813
39.91069 1.13861
39.90716 1.13926
39.9043 1.14029
39.90123 1.14223
39.89863 1.14381
39.89748 1.14669
39.89536 1.14909
39.89258 1.14951
39.88941 1.15042
39.8862 1.15195
39.88318 1.15356
39.88005 1.15503
39.87752 1.15573
39.87521 1.15795
39.87228 1.15995
39.86944 1.16103
39.8673 1.16282
39.86608 1.16617
39.86349 1.16859
39.86116 1.17125
39.85915 1.17419
39.8575 1.17726
39.85589 1.18037
39.85442 1.18357
39.85294 1.18648
39.85218 1.1895
39.85148 1.1925
39.85061 1.19564
39.84961 1.19873
39.84858 1.20194
39.84775 1.2053
39.84745 1.20839
39.84824 1.21166
39.84806 1.21497
39.84919 1.21835
39.84963 1.22164
39.84984 1.22502
39.85126 1.22819
39.85213 1.23162
39.85386 1.23437
39.85381 1.23768
39.8561 1.23928
39.85882 1.24075
39.85981 1.24418
39.86254 1.24643
39.86564 1.24827
39.86615 1.25106
39.86795 1.25222
39.8706 1.25124
39.87378 1.25241
39.87678 1.25404
39.87908 1.25598
39.88236 1.25633
39.8859 1.25613
39.88921 1.25725
39.89251 1.2585
39.89571 1.25717
39.89923 1.25695
39.90271 1.25774
39.90581 1.2572
39.90918 1.25634
39.91272 1.25623
39.91617 1.25555
39.91888 1.25605
39.92148 1.25655
39.92437 1.25471
39.92712 1.25259
39.92963 1.25007
39.9321 1.24746
39.93452 1.24486
39.93759 1.24326
39.94029 1.24096
39.9418 1.23791
39.94313 1.23489
39.94464 1.23159
39.94556 1.22886
39.947 1.2258
39.94836 1.22293
39.94754 1.21992
39.94745 1.21652
39.94852 1.21315
39.94915 1.21007
39.94823 1.20665
39.94751 1.20333
39.94784 1.19982
39.94722 1.19646
39.94668 1.19311
39.94562 1.18975
39.94533 1.18623
39.94448 1.18303
39.94391 1.17982
39.94331 1.1763
39.94134 1.17344
39.93892 1.17098
39.93682 1.16809
