Day: 124
40.45349 0.24845
40.45472 0.24641
40.45571 0.24456
40.45609 0.24277
40.45563 0.24054
40.45628 0.23792
40.45788 0.2351
40.45947 0.23208
40.46259 0.23004
40.4646 0.22762
40.46636 0.22528
40.46946 0.22493
40.47012 0.2277
40.46851 0.2308
40.46932 0.23331
40.4702 0.23589
40.47145 0.23828
40.47072 0.24154
40.46884 0.24423
40.4668 0.24628
40.46392 0.24613
40.46252 0.24574
40.46274 0.24452
40.46554 0.24246
40.46766 0.23992
40.46666 0.23791
40.46352 0.2384
40.46196 0.24077
40.46182 0.24077
40.46047 0.24247
40.46038 0.24518
40.45708 0.24628
40.45474 0.24889
40.45328 0.24812
