Day: 266
35.5552520752 4.542673111 9.954401 78.31722
35.5563316345 4.5444540977 9.994555 79.94162
35.5596618652 4.5465230942 10.03457 80.08838
35.5624313354 4.5477929115 10.07465 80.0988
35.5643882751 4.5473608971 10.11476 80.0998
35.5648384094 4.5455021858 10.15494 80.09986
35.565032959 4.5434045792 10.19501 80.09986
35.5651817322 4.5412063599 10.23512 80.09987
35.5644760132 4.5392370224 10.27528 80.09987
35.5641555786 4.5371842384 10.31529 80.09988
35.56224823 4.5362124443 10.35533 80.09987
35.5608291626 4.5348258018 10.39546 80.72377
35.5590400696 4.5354971886 10.43556 80.76161
35.5569496155 4.5356712341 10.47559 80.76475
35.5556259155 4.5372238159 10.5156 80.76498
35.5545730591 4.5391039848 10.55561 80.76501
35.554977417 4.541469574 10.5958 80.76501
35.5555648804 4.5434751511 10.63584 80.76501
35.5562591553 4.5444359779 10.65764 80.76501
