40.75386 0.58085
40.75296 0.58408
40.75135 0.58704
40.75169 0.59035
40.75314 0.59354
40.75386 0.59625
40.75667 0.59548
40.75904 0.59287
40.76194 0.59086
40.76406 0.58799
40.76462 0.58451
40.7661 0.5813
40.76837 0.57859
40.77127 0.57653
40.77412 0.57459
40.77715 0.57276
40.78017 0.57096
40.78314 0.56899
40.78601 0.56691
40.78798 0.56402
40.78846 0.56039
40.78827 0.55685
40.78728 0.55338
40.78423 0.55213
40.78074 0.55146
40.77755 0.54993
40.77526 0.54735
40.7735 0.54428
40.77203 0.54112
40.77034 0.53803
40.76776 0.53568
40.7644 0.53607
40.76128 0.53774
40.75837 0.53979
40.75543 0.54187
40.75277 0.54408
40.75016 0.5464
40.74805 0.54889
40.74584 0.55155
40.74381 0.5544
40.7424 0.55764
40.74166 0.56114
40.74246 0.56453
40.74375 0.56773
40.74577 0.57027
40.74905 0.57163
40.75113 0.57346
