Day: 128
40.26842 0.86007
40.27178 0.85872
40.27308 0.85553
40.2741 0.8521
40.27493 0.84876
40.27595 0.84533
40.27693 0.84203
40.27821 0.83885
40.27938 0.83543
40.28005 0.83206
40.27912 0.82898
40.27722 0.82641
40.2749 0.82391
40.27186 0.82265
40.27025 0.82197
40.26676 0.82228
40.26352 0.82317
40.2605 0.82485
40.25793 0.82703
40.25536 0.82895
40.25333 0.83153
40.25116 0.83409
40.24865 0.83662
40.24618 0.83916
40.24394 0.84186
40.24209 0.84469
40.24039 0.84765
40.24039 0.85037
40.24294 0.85132
40.2438 0.85362
40.24552 0.85242
40.24895 0.85198
40.25244 0.85191
40.25558 0.853
40.25831 0.85442
40.26111 0.85667
40.26381 0.85845
40.2667 0.86004
40.27023 0.85988
