40.20488 0.94316
40.20435 0.94577
40.20493 0.949
40.2058 0.95165
40.20896 0.95237
40.20831 0.95438
40.20812 0.95773
40.21039 0.96008
40.21347 0.9611
40.21702 0.96105
40.21936 0.95962
40.21885 0.9564
40.22154 0.95698
40.22451 0.95729
40.22759 0.958
40.23056 0.95708
40.23364 0.95623
40.2367 0.95504
40.23928 0.95279
40.24064 0.9499
40.24196 0.94691
40.24405 0.94416
40.24588 0.94088
40.2472 0.93763
40.24762 0.93494
40.24772 0.93165
40.24809 0.92862
40.24785 0.92519
40.249 0.922
40.25034 0.91904
40.25178 0.91588
40.25287 0.91312
40.25404 0.91057
40.25583 0.90763
40.25836 0.90582
40.25634 0.90339
40.25634 0.90004
40.2575 0.89746
40.25847 0.89558
40.25796 0.89223
40.25768 0.88888
40.25761 0.88536
40.25727 0.88268
40.2574 0.87923
40.25772 0.87612
40.25594 0.87311
40.25458 0.86982
40.25284 0.86695
40.24981 0.86557
40.24635 0.86464
40.24355 0.86437
40.24017 0.86527
40.23686 0.86609
40.23393 0.86737
40.23081 0.86838
40.22771 0.86996
40.22441 0.8711
40.22106 0.87234
40.2176 0.87317
40.21511 0.87435
40.2118 0.87397
40.20875 0.87562
40.20602 0.87772
40.20378 0.88022
40.20339 0.88295
40.20233 0.88589
40.20132 0.88921
40.20109 0.89267
40.20136 0.89614
40.20063 0.89943
40.20143 0.90281
40.20208 0.90621
40.2015 0.90899
40.20213 0.9122
40.203 0.91522
40.20407 0.9185
40.20458 0.92174
40.20477 0.92452
40.2044 0.92719
40.20484 0.93029
40.2046 0.93181
40.20489 0.93324
